 0.00000000e+00  0.00000000e+00 
 5.00000000e-13  0.00000000e+00 
 1.00000000e-12  0.00000000e+00 
 2.00000000e-12  0.00000000e+00 
 4.00000000e-12  0.00000000e+00 
 8.00000000e-12  0.00000000e+00 
 1.60000000e-11  0.00000000e+00 
 3.20000000e-11  0.00000000e+00 
 6.40000000e-11  0.00000000e+00 
 1.14000000e-10  0.00000000e+00 
 1.64000000e-10  0.00000000e+00 
 2.14000000e-10  0.00000000e+00 
 2.64000000e-10  0.00000000e+00 
 3.14000000e-10  0.00000000e+00 
 3.64000000e-10  0.00000000e+00 
 4.14000000e-10  0.00000000e+00 
 4.64000000e-10  0.00000000e+00 
 5.14000000e-10  0.00000000e+00 
 5.64000000e-10  0.00000000e+00 
 6.14000000e-10  0.00000000e+00 
 6.64000000e-10  0.00000000e+00 
 7.14000000e-10  0.00000000e+00 
 7.64000000e-10  0.00000000e+00 
 8.14000000e-10  0.00000000e+00 
 8.64000000e-10  0.00000000e+00 
 9.14000000e-10  0.00000000e+00 
 9.64000000e-10  0.00000000e+00 
 1.01400000e-09  8.79634599e-03 
 1.06400000e-09  4.02015494e-02 
 1.11400000e-09  7.15670787e-02 
 1.16400000e-09  1.02861980e-01 
 1.21400000e-09  1.34055369e-01 
 1.26400000e-09  1.65116461e-01 
 1.31400000e-09  1.96014604e-01 
 1.36400000e-09  2.26719303e-01 
 1.41400000e-09  2.57200258e-01 
 1.46400000e-09  2.87427388e-01 
 1.51400000e-09  3.17370861e-01 
 1.56400000e-09  3.47001128e-01 
 1.61400000e-09  3.76288946e-01 
 1.66400000e-09  4.05205413e-01 
 1.71400000e-09  4.33721991e-01 
 1.76400000e-09  4.61810537e-01 
 1.81400000e-09  4.89443332e-01 
 1.86400000e-09  5.16593106e-01 
 1.91400000e-09  5.43233065e-01 
 1.96400000e-09  5.69336919e-01 
 2.01400000e-09  5.94878905e-01 
 2.06400000e-09  6.19833818e-01 
 2.11400000e-09  6.44177030e-01 
 2.16400000e-09  6.67884517e-01 
 2.21400000e-09  6.90932882e-01 
 2.26400000e-09  7.13299380e-01 
 2.31400000e-09  7.34961938e-01 
 2.36400000e-09  7.55899177e-01 
 2.41400000e-09  7.76090435e-01 
 2.46400000e-09  7.95515785e-01 
 2.51400000e-09  8.14156057e-01 
 2.56400000e-09  8.31992856e-01 
 2.61400000e-09  8.49008578e-01 
 2.66400000e-09  8.65186431e-01 
 2.71400000e-09  8.80510449e-01 
 2.76400000e-09  8.94965510e-01 
 2.81400000e-09  9.08537348e-01 
 2.86400000e-09  9.21212569e-01 
 2.91400000e-09  9.32978665e-01 
 2.96400000e-09  9.43824024e-01 
 3.01400000e-09  9.53737942e-01 
 3.06400000e-09  9.62710636e-01 
 3.11400000e-09  9.70733250e-01 
 3.16400000e-09  9.77797869e-01 
 3.21400000e-09  9.83897518e-01 
 3.26400000e-09  9.89026180e-01 
 3.31400000e-09  9.93178792e-01 
 3.36400000e-09  9.96351257e-01 
 3.41400000e-09  9.98540443e-01 
 3.46400000e-09  9.99744191e-01 
 3.51400000e-09  9.99961311e-01 
 3.56400000e-09  9.99191591e-01 
 3.61400000e-09  9.97435789e-01 
 3.66400000e-09  9.94695638e-01 
 3.71400000e-09  9.90973843e-01 
 3.76400000e-09  9.86274077e-01 
 3.81400000e-09  9.80600977e-01 
 3.86400000e-09  9.73960142e-01 
 3.91400000e-09  9.66358126e-01 
 3.96400000e-09  9.57802431e-01 
 4.01400000e-09  9.48301501e-01 
 4.06400000e-09  9.37864712e-01 
 4.11400000e-09  9.26502363e-01 
 4.16400000e-09  9.14225669e-01 
 4.21400000e-09  9.01046744e-01 
 4.26400000e-09  8.86978595e-01 
 4.31400000e-09  8.72035105e-01 
 4.36400000e-09  8.56231022e-01 
 4.41400000e-09  8.39581942e-01 
 4.46400000e-09  8.22104296e-01 
 4.51400000e-09  8.03815332e-01 
 4.56400000e-09  7.84733100e-01 
 4.61400000e-09  7.64876431e-01 
 4.66400000e-09  7.44264921e-01 
 4.71400000e-09  7.22918911e-01 
 4.76400000e-09  7.00859468e-01 
 4.81400000e-09  6.78108361e-01 
 4.86400000e-09  6.54688044e-01 
 4.91400000e-09  6.30621628e-01 
 4.96400000e-09  6.05932864e-01 
 5.01400000e-09  5.80646118e-01 
 5.06400000e-09  5.54786345e-01 
 5.11400000e-09  5.28379064e-01 
 5.16400000e-09  5.01450337e-01 
 5.21400000e-09  4.74026739e-01 
 5.26400000e-09  4.46135334e-01 
 5.31400000e-09  4.17803647e-01 
 5.36400000e-09  3.89059638e-01 
 5.41400000e-09  3.59931675e-01 
 5.46400000e-09  3.30448502e-01 
 5.51400000e-09  3.00639217e-01 
 5.56400000e-09  2.70533237e-01 
 5.61400000e-09  2.40160273e-01 
 5.66400000e-09  2.09550300e-01 
 5.71400000e-09  1.78733527e-01 
 5.76400000e-09  1.47740364e-01 
 5.81400000e-09  1.16601400e-01 
 5.86400000e-09  8.53473649e-02 
 5.91400000e-09  5.40091018e-02 
 5.96400000e-09  2.26175383e-02 
 6.01400000e-09 -8.79634599e-03 
 6.06400000e-09 -4.02015494e-02 
 6.11400000e-09 -7.15670787e-02 
 6.16400000e-09 -1.02861980e-01 
 6.21400000e-09 -1.34055369e-01 
 6.26400000e-09 -1.65116461e-01 
 6.31400000e-09 -1.96014604e-01 
 6.36400000e-09 -2.26719303e-01 
 6.41400000e-09 -2.57200258e-01 
 6.46400000e-09 -2.87427388e-01 
 6.51400000e-09 -3.17370861e-01 
 6.56400000e-09 -3.47001128e-01 
 6.61400000e-09 -3.76288946e-01 
 6.66400000e-09 -4.05205413e-01 
 6.71400000e-09 -4.33721991e-01 
 6.76400000e-09 -4.61810537e-01 
 6.81400000e-09 -4.89443332e-01 
 6.86400000e-09 -5.16593106e-01 
 6.91400000e-09 -5.43233065e-01 
 6.96400000e-09 -5.69336919e-01 
 7.01400000e-09 -5.94878905e-01 
 7.06400000e-09 -6.19833818e-01 
 7.11400000e-09 -6.44177030e-01 
 7.16400000e-09 -6.67884517e-01 
 7.21400000e-09 -6.90932882e-01 
 7.26400000e-09 -7.13299380e-01 
 7.31400000e-09 -7.34961938e-01 
 7.36400000e-09 -7.55899177e-01 
 7.41400000e-09 -7.76090435e-01 
 7.46400000e-09 -7.95515785e-01 
 7.51400000e-09 -8.14156057e-01 
 7.56400000e-09 -8.31992856e-01 
 7.61400000e-09 -8.49008578e-01 
 7.66400000e-09 -8.65186431e-01 
 7.71400000e-09 -8.80510449e-01 
 7.76400000e-09 -8.94965510e-01 
 7.81400000e-09 -9.08537348e-01 
 7.86400000e-09 -9.21212569e-01 
 7.91400000e-09 -9.32978665e-01 
 7.96400000e-09 -9.43824024e-01 
 8.01400000e-09 -9.53737942e-01 
 8.06400000e-09 -9.62710636e-01 
 8.11400000e-09 -9.70733250e-01 
 8.16400000e-09 -9.77797869e-01 
 8.21400000e-09 -9.83897518e-01 
 8.26400000e-09 -9.89026180e-01 
 8.31400000e-09 -9.93178792e-01 
 8.36400000e-09 -9.96351257e-01 
 8.41400000e-09 -9.98540443e-01 
 8.46400000e-09 -9.99744191e-01 
 8.51400000e-09 -9.99961311e-01 
 8.56400000e-09 -9.99191591e-01 
 8.61400000e-09 -9.97435789e-01 
 8.66400000e-09 -9.94695638e-01 
 8.71400000e-09 -9.90973843e-01 
 8.76400000e-09 -9.86274077e-01 
 8.81400000e-09 -9.80600977e-01 
 8.86400000e-09 -9.73960142e-01 
 8.91400000e-09 -9.66358126e-01 
 8.96400000e-09 -9.57802431e-01 
 9.01400000e-09 -9.48301501e-01 
 9.06400000e-09 -9.37864712e-01 
 9.11400000e-09 -9.26502363e-01 
 9.16400000e-09 -9.14225669e-01 
 9.21400000e-09 -9.01046744e-01 
 9.26400000e-09 -8.86978595e-01 
 9.31400000e-09 -8.72035105e-01 
 9.36400000e-09 -8.56231022e-01 
 9.41400000e-09 -8.39581942e-01 
 9.46400000e-09 -8.22104296e-01 
 9.51400000e-09 -8.03815332e-01 
 9.56400000e-09 -7.84733100e-01 
 9.61400000e-09 -7.64876431e-01 
 9.66400000e-09 -7.44264921e-01 
 9.71400000e-09 -7.22918911e-01 
 9.76400000e-09 -7.00859468e-01 
 9.81400000e-09 -6.78108361e-01 
 9.86400000e-09 -6.54688044e-01 
 9.91400000e-09 -6.30621628e-01 
 9.96400000e-09 -6.05932864e-01 
 1.00140000e-08 -5.80646118e-01 
 1.00640000e-08 -5.54786345e-01 
 1.01140000e-08 -5.28379064e-01 
 1.01640000e-08 -5.01450337e-01 
 1.02140000e-08 -4.74026739e-01 
 1.02640000e-08 -4.46135334e-01 
 1.03140000e-08 -4.17803647e-01 
 1.03640000e-08 -3.89059638e-01 
 1.04140000e-08 -3.59931675e-01 
 1.04640000e-08 -3.30448502e-01 
 1.05140000e-08 -3.00639217e-01 
 1.05640000e-08 -2.70533237e-01 
 1.06140000e-08 -2.40160273e-01 
 1.06640000e-08 -2.09550300e-01 
 1.07140000e-08 -1.78733527e-01 
 1.07640000e-08 -1.47740364e-01 
 1.08140000e-08 -1.16601400e-01 
 1.08640000e-08 -8.53473649e-02 
 1.09140000e-08 -5.40091018e-02 
 1.09640000e-08 -2.26175383e-02 
 1.10140000e-08  8.79634599e-03 
 1.10640000e-08  4.02015494e-02 
 1.11140000e-08  7.15670787e-02 
 1.11640000e-08  1.02861980e-01 
 1.12140000e-08  1.34055369e-01 
 1.12640000e-08  1.65116461e-01 
 1.13140000e-08  1.96014604e-01 
 1.13640000e-08  2.26719303e-01 
 1.14140000e-08  2.57200258e-01 
 1.14640000e-08  2.87427388e-01 
 1.15140000e-08  3.17370861e-01 
 1.15640000e-08  3.47001128e-01 
 1.16140000e-08  3.76288946e-01 
 1.16640000e-08  4.05205413e-01 
 1.17140000e-08  4.33721991e-01 
 1.17640000e-08  4.61810537e-01 
 1.18140000e-08  4.89443332e-01 
 1.18640000e-08  5.16593106e-01 
 1.19140000e-08  5.43233065e-01 
 1.19640000e-08  5.69336919e-01 
 1.20140000e-08  5.94878905e-01 
 1.20640000e-08  6.19833818e-01 
 1.21140000e-08  6.44177030e-01 
 1.21640000e-08  6.67884517e-01 
 1.22140000e-08  6.90932882e-01 
 1.22640000e-08  7.13299380e-01 
 1.23140000e-08  7.34961938e-01 
 1.23640000e-08  7.55899177e-01 
 1.24140000e-08  7.76090435e-01 
 1.24640000e-08  7.95515785e-01 
 1.25140000e-08  8.14156057e-01 
 1.25640000e-08  8.31992856e-01 
 1.26140000e-08  8.49008578e-01 
 1.26640000e-08  8.65186431e-01 
 1.27140000e-08  8.80510449e-01 
 1.27640000e-08  8.94965510e-01 
 1.28140000e-08  9.08537348e-01 
 1.28640000e-08  9.21212569e-01 
 1.29140000e-08  9.32978665e-01 
 1.29640000e-08  9.43824024e-01 
 1.30140000e-08  9.53737942e-01 
 1.30640000e-08  9.62710636e-01 
 1.31140000e-08  9.70733250e-01 
 1.31640000e-08  9.77797869e-01 
 1.32140000e-08  9.83897518e-01 
 1.32640000e-08  9.89026180e-01 
 1.33140000e-08  9.93178792e-01 
 1.33640000e-08  9.96351257e-01 
 1.34140000e-08  9.98540443e-01 
 1.34640000e-08  9.99744191e-01 
 1.35140000e-08  9.99961311e-01 
 1.35640000e-08  9.99191591e-01 
 1.36140000e-08  9.97435789e-01 
 1.36640000e-08  9.94695638e-01 
 1.37140000e-08  9.90973843e-01 
 1.37640000e-08  9.86274077e-01 
 1.38140000e-08  9.80600977e-01 
 1.38640000e-08  9.73960142e-01 
 1.39140000e-08  9.66358126e-01 
 1.39640000e-08  9.57802431e-01 
 1.40140000e-08  9.48301501e-01 
 1.40640000e-08  9.37864712e-01 
 1.41140000e-08  9.26502363e-01 
 1.41640000e-08  9.14225669e-01 
 1.42140000e-08  9.01046744e-01 
 1.42640000e-08  8.86978595e-01 
 1.43140000e-08  8.72035105e-01 
 1.43640000e-08  8.56231022e-01 
 1.44140000e-08  8.39581942e-01 
 1.44640000e-08  8.22104296e-01 
 1.45140000e-08  8.03815332e-01 
 1.45640000e-08  7.84733100e-01 
 1.46140000e-08  7.64876431e-01 
 1.46640000e-08  7.44264921e-01 
 1.47140000e-08  7.22918911e-01 
 1.47640000e-08  7.00859468e-01 
 1.48140000e-08  6.78108361e-01 
 1.48640000e-08  6.54688044e-01 
 1.49140000e-08  6.30621628e-01 
 1.49640000e-08  6.05932864e-01 
 1.50140000e-08  5.80646118e-01 
 1.50640000e-08  5.54786345e-01 
 1.51140000e-08  5.28379064e-01 
 1.51640000e-08  5.01450337e-01 
 1.52140000e-08  4.74026739e-01 
 1.52640000e-08  4.46135334e-01 
 1.53140000e-08  4.17803647e-01 
 1.53640000e-08  3.89059638e-01 
 1.54140000e-08  3.59931675e-01 
 1.54640000e-08  3.30448502e-01 
 1.55140000e-08  3.00639217e-01 
 1.55640000e-08  2.70533237e-01 
 1.56140000e-08  2.40160273e-01 
 1.56640000e-08  2.09550300e-01 
 1.57140000e-08  1.78733527e-01 
 1.57640000e-08  1.47740364e-01 
 1.58140000e-08  1.16601400e-01 
 1.58640000e-08  8.53473649e-02 
 1.59140000e-08  5.40091018e-02 
 1.59640000e-08  2.26175383e-02 
 1.60140000e-08 -8.79634599e-03 
 1.60640000e-08 -4.02015494e-02 
 1.61140000e-08 -7.15670787e-02 
 1.61640000e-08 -1.02861980e-01 
 1.62140000e-08 -1.34055369e-01 
 1.62640000e-08 -1.65116461e-01 
 1.63140000e-08 -1.96014604e-01 
 1.63640000e-08 -2.26719303e-01 
 1.64140000e-08 -2.57200258e-01 
 1.64640000e-08 -2.87427388e-01 
 1.65140000e-08 -3.17370861e-01 
 1.65640000e-08 -3.47001128e-01 
 1.66140000e-08 -3.76288946e-01 
 1.66640000e-08 -4.05205413e-01 
 1.67140000e-08 -4.33721991e-01 
 1.67640000e-08 -4.61810537e-01 
 1.68140000e-08 -4.89443332e-01 
 1.68640000e-08 -5.16593106e-01 
 1.69140000e-08 -5.43233065e-01 
 1.69640000e-08 -5.69336919e-01 
 1.70140000e-08 -5.94878905e-01 
 1.70640000e-08 -6.19833818e-01 
 1.71140000e-08 -6.44177030e-01 
 1.71640000e-08 -6.67884517e-01 
 1.72140000e-08 -6.90932882e-01 
 1.72640000e-08 -7.13299380e-01 
 1.73140000e-08 -7.34961938e-01 
 1.73640000e-08 -7.55899177e-01 
 1.74140000e-08 -7.76090435e-01 
 1.74640000e-08 -7.95515785e-01 
 1.75140000e-08 -8.14156057e-01 
 1.75640000e-08 -8.31992856e-01 
 1.76140000e-08 -8.49008578e-01 
 1.76640000e-08 -8.65186431e-01 
 1.77140000e-08 -8.80510449e-01 
 1.77640000e-08 -8.94965510e-01 
 1.78140000e-08 -9.08537348e-01 
 1.78640000e-08 -9.21212569e-01 
 1.79140000e-08 -9.32978665e-01 
 1.79640000e-08 -9.43824024e-01 
 1.80140000e-08 -9.53737942e-01 
 1.80640000e-08 -9.62710636e-01 
 1.81140000e-08 -9.70733250e-01 
 1.81640000e-08 -9.77797869e-01 
 1.82140000e-08 -9.83897518e-01 
 1.82640000e-08 -9.89026180e-01 
 1.83140000e-08 -9.93178792e-01 
 1.83640000e-08 -9.96351257e-01 
 1.84140000e-08 -9.98540443e-01 
 1.84640000e-08 -9.99744191e-01 
 1.85140000e-08 -9.99961311e-01 
 1.85640000e-08 -9.99191591e-01 
 1.86140000e-08 -9.97435789e-01 
 1.86640000e-08 -9.94695638e-01 
 1.87140000e-08 -9.90973843e-01 
 1.87640000e-08 -9.86274077e-01 
 1.88140000e-08 -9.80600977e-01 
 1.88640000e-08 -9.73960142e-01 
 1.89140000e-08 -9.66358126e-01 
 1.89640000e-08 -9.57802431e-01 
 1.90140000e-08 -9.48301501e-01 
 1.90640000e-08 -9.37864712e-01 
 1.91140000e-08 -9.26502363e-01 
 1.91640000e-08 -9.14225669e-01 
 1.92140000e-08 -9.01046744e-01 
 1.92640000e-08 -8.86978595e-01 
 1.93140000e-08 -8.72035105e-01 
 1.93640000e-08 -8.56231022e-01 
 1.94140000e-08 -8.39581942e-01 
 1.94640000e-08 -8.22104296e-01 
 1.95140000e-08 -8.03815332e-01 
 1.95640000e-08 -7.84733100e-01 
 1.96140000e-08 -7.64876431e-01 
 1.96640000e-08 -7.44264921e-01 
 1.97140000e-08 -7.22918911e-01 
 1.97640000e-08 -7.00859468e-01 
 1.98140000e-08 -6.78108361e-01 
 1.98640000e-08 -6.54688044e-01 
 1.99140000e-08 -6.30621628e-01 
 1.99640000e-08 -6.05932864e-01 
 2.00140000e-08 -5.80646118e-01 
 2.00640000e-08 -5.54786345e-01 
 2.01140000e-08 -5.28379064e-01 
 2.01640000e-08 -5.01450337e-01 
 2.02140000e-08 -4.74026739e-01 
 2.02640000e-08 -4.46135334e-01 
 2.03140000e-08 -4.17803647e-01 
 2.03640000e-08 -3.89059638e-01 
 2.04140000e-08 -3.59931675e-01 
 2.04640000e-08 -3.30448502e-01 
 2.05140000e-08 -3.00639217e-01 
 2.05640000e-08 -2.70533237e-01 
 2.06140000e-08 -2.40160273e-01 
 2.06640000e-08 -2.09550300e-01 
 2.07140000e-08 -1.78733527e-01 
 2.07640000e-08 -1.47740364e-01 
 2.08140000e-08 -1.16601400e-01 
 2.08640000e-08 -8.53473649e-02 
 2.09140000e-08 -5.40091018e-02 
 2.09640000e-08 -2.26175383e-02 
 2.10140000e-08  8.79634599e-03 
 2.10640000e-08  4.02015494e-02 
 2.11140000e-08  7.15670787e-02 
 2.11640000e-08  1.02861980e-01 
 2.12140000e-08  1.34055369e-01 
 2.12640000e-08  1.65116461e-01 
 2.13140000e-08  1.96014604e-01 
 2.13640000e-08  2.26719303e-01 
 2.14140000e-08  2.57200258e-01 
 2.14640000e-08  2.87427388e-01 
 2.15140000e-08  3.17370861e-01 
 2.15640000e-08  3.47001128e-01 
 2.16140000e-08  3.76288946e-01 
 2.16640000e-08  4.05205413e-01 
 2.17140000e-08  4.33721991e-01 
 2.17640000e-08  4.61810537e-01 
 2.18140000e-08  4.89443332e-01 
 2.18640000e-08  5.16593106e-01 
 2.19140000e-08  5.43233065e-01 
 2.19640000e-08  5.69336919e-01 
 2.20140000e-08  5.94878905e-01 
 2.20640000e-08  6.19833818e-01 
 2.21140000e-08  6.44177030e-01 
 2.21640000e-08  6.67884517e-01 
 2.22140000e-08  6.90932882e-01 
 2.22640000e-08  7.13299380e-01 
 2.23140000e-08  7.34961938e-01 
 2.23640000e-08  7.55899177e-01 
 2.24140000e-08  7.76090435e-01 
 2.24640000e-08  7.95515785e-01 
 2.25140000e-08  8.14156057e-01 
 2.25640000e-08  8.31992856e-01 
 2.26140000e-08  8.49008578e-01 
 2.26640000e-08  8.65186431e-01 
 2.27140000e-08  8.80510449e-01 
 2.27640000e-08  8.94965510e-01 
 2.28140000e-08  9.08537348e-01 
 2.28640000e-08  9.21212569e-01 
 2.29140000e-08  9.32978665e-01 
 2.29640000e-08  9.43824024e-01 
 2.30140000e-08  9.53737942e-01 
 2.30640000e-08  9.62710636e-01 
 2.31140000e-08  9.70733250e-01 
 2.31640000e-08  9.77797869e-01 
 2.32140000e-08  9.83897518e-01 
 2.32640000e-08  9.89026180e-01 
 2.33140000e-08  9.93178792e-01 
 2.33640000e-08  9.96351257e-01 
 2.34140000e-08  9.98540443e-01 
 2.34640000e-08  9.99744191e-01 
 2.35140000e-08  9.99961311e-01 
 2.35640000e-08  9.99191591e-01 
 2.36140000e-08  9.97435789e-01 
 2.36640000e-08  9.94695638e-01 
 2.37140000e-08  9.90973843e-01 
 2.37640000e-08  9.86274077e-01 
 2.38140000e-08  9.80600977e-01 
 2.38640000e-08  9.73960142e-01 
 2.39140000e-08  9.66358126e-01 
 2.39640000e-08  9.57802431e-01 
 2.40140000e-08  9.48301501e-01 
 2.40640000e-08  9.37864712e-01 
 2.41140000e-08  9.26502363e-01 
 2.41640000e-08  9.14225669e-01 
 2.42140000e-08  9.01046744e-01 
 2.42640000e-08  8.86978595e-01 
 2.43140000e-08  8.72035105e-01 
 2.43640000e-08  8.56231022e-01 
 2.44140000e-08  8.39581942e-01 
 2.44640000e-08  8.22104296e-01 
 2.45140000e-08  8.03815332e-01 
 2.45640000e-08  7.84733100e-01 
 2.46140000e-08  7.64876431e-01 
 2.46640000e-08  7.44264921e-01 
 2.47140000e-08  7.22918911e-01 
 2.47640000e-08  7.00859468e-01 
 2.48140000e-08  6.78108361e-01 
 2.48640000e-08  6.54688044e-01 
 2.49140000e-08  6.30621628e-01 
 2.49640000e-08  6.05932864e-01 
 2.50140000e-08  5.80646118e-01 
 2.50640000e-08  5.54786345e-01 
 2.51140000e-08  5.28379064e-01 
 2.51640000e-08  5.01450337e-01 
 2.52140000e-08  4.74026739e-01 
 2.52640000e-08  4.46135334e-01 
 2.53140000e-08  4.17803647e-01 
 2.53640000e-08  3.89059638e-01 
 2.54140000e-08  3.59931675e-01 
 2.54640000e-08  3.30448502e-01 
 2.55140000e-08  3.00639217e-01 
 2.55640000e-08  2.70533237e-01 
 2.56140000e-08  2.40160273e-01 
 2.56640000e-08  2.09550300e-01 
 2.57140000e-08  1.78733527e-01 
 2.57640000e-08  1.47740364e-01 
 2.58140000e-08  1.16601400e-01 
 2.58640000e-08  8.53473649e-02 
 2.59140000e-08  5.40091018e-02 
 2.59640000e-08  2.26175383e-02 
 2.60140000e-08 -8.79634599e-03 
 2.60640000e-08 -4.02015494e-02 
 2.61140000e-08 -7.15670787e-02 
 2.61640000e-08 -1.02861980e-01 
 2.62140000e-08 -1.34055369e-01 
 2.62640000e-08 -1.65116461e-01 
 2.63140000e-08 -1.96014604e-01 
 2.63640000e-08 -2.26719303e-01 
 2.64140000e-08 -2.57200258e-01 
 2.64640000e-08 -2.87427388e-01 
 2.65140000e-08 -3.17370861e-01 
 2.65640000e-08 -3.47001128e-01 
 2.66140000e-08 -3.76288946e-01 
 2.66640000e-08 -4.05205413e-01 
 2.67140000e-08 -4.33721991e-01 
 2.67640000e-08 -4.61810537e-01 
 2.68140000e-08 -4.89443332e-01 
 2.68640000e-08 -5.16593106e-01 
 2.69140000e-08 -5.43233065e-01 
 2.69640000e-08 -5.69336919e-01 
 2.70140000e-08 -5.94878905e-01 
 2.70640000e-08 -6.19833818e-01 
 2.71140000e-08 -6.44177030e-01 
 2.71640000e-08 -6.67884517e-01 
 2.72140000e-08 -6.90932882e-01 
 2.72640000e-08 -7.13299380e-01 
 2.73140000e-08 -7.34961938e-01 
 2.73640000e-08 -7.55899177e-01 
 2.74140000e-08 -7.76090435e-01 
 2.74640000e-08 -7.95515785e-01 
 2.75140000e-08 -8.14156057e-01 
 2.75640000e-08 -8.31992856e-01 
 2.76140000e-08 -8.49008578e-01 
 2.76640000e-08 -8.65186431e-01 
 2.77140000e-08 -8.80510449e-01 
 2.77640000e-08 -8.94965510e-01 
 2.78140000e-08 -9.08537348e-01 
 2.78640000e-08 -9.21212569e-01 
 2.79140000e-08 -9.32978665e-01 
 2.79640000e-08 -9.43824024e-01 
 2.80140000e-08 -9.53737942e-01 
 2.80640000e-08 -9.62710636e-01 
 2.81140000e-08 -9.70733250e-01 
 2.81640000e-08 -9.77797869e-01 
 2.82140000e-08 -9.83897518e-01 
 2.82640000e-08 -9.89026180e-01 
 2.83140000e-08 -9.93178792e-01 
 2.83640000e-08 -9.96351257e-01 
 2.84140000e-08 -9.98540443e-01 
 2.84640000e-08 -9.99744191e-01 
 2.85140000e-08 -9.99961311e-01 
 2.85640000e-08 -9.99191591e-01 
 2.86140000e-08 -9.97435789e-01 
 2.86640000e-08 -9.94695638e-01 
 2.87140000e-08 -9.90973843e-01 
 2.87640000e-08 -9.86274077e-01 
 2.88140000e-08 -9.80600977e-01 
 2.88640000e-08 -9.73960142e-01 
 2.89140000e-08 -9.66358126e-01 
 2.89640000e-08 -9.57802431e-01 
 2.90140000e-08 -9.48301501e-01 
 2.90640000e-08 -9.37864712e-01 
 2.91140000e-08 -9.26502363e-01 
 2.91640000e-08 -9.14225669e-01 
 2.92140000e-08 -9.01046744e-01 
 2.92640000e-08 -8.86978595e-01 
 2.93140000e-08 -8.72035105e-01 
 2.93640000e-08 -8.56231022e-01 
 2.94140000e-08 -8.39581942e-01 
 2.94640000e-08 -8.22104296e-01 
 2.95140000e-08 -8.03815332e-01 
 2.95640000e-08 -7.84733100e-01 
 2.96140000e-08 -7.64876431e-01 
 2.96640000e-08 -7.44264921e-01 
 2.97140000e-08 -7.22918911e-01 
 2.97640000e-08 -7.00859468e-01 
 2.98140000e-08 -6.78108361e-01 
 2.98640000e-08 -6.54688044e-01 
 2.99140000e-08 -6.30621628e-01 
 2.99640000e-08 -6.05932864e-01 
 3.00140000e-08 -5.80646118e-01 
 3.00640000e-08 -5.54786345e-01 
 3.01140000e-08 -5.28379064e-01 
 3.01640000e-08 -5.01450337e-01 
 3.02140000e-08 -4.74026739e-01 
 3.02640000e-08 -4.46135334e-01 
 3.03140000e-08 -4.17803647e-01 
 3.03640000e-08 -3.89059638e-01 
 3.04140000e-08 -3.59931675e-01 
 3.04640000e-08 -3.30448502e-01 
 3.05140000e-08 -3.00639217e-01 
 3.05640000e-08 -2.70533237e-01 
 3.06140000e-08 -2.40160273e-01 
 3.06640000e-08 -2.09550300e-01 
 3.07140000e-08 -1.78733527e-01 
 3.07640000e-08 -1.47740364e-01 
 3.08140000e-08 -1.16601400e-01 
 3.08640000e-08 -8.53473649e-02 
 3.09140000e-08 -5.40091018e-02 
 3.09640000e-08 -2.26175383e-02 
 3.10140000e-08  8.79634599e-03 
 3.10640000e-08  4.02015494e-02 
 3.11140000e-08  7.15670787e-02 
 3.11640000e-08  1.02861980e-01 
 3.12140000e-08  1.34055369e-01 
 3.12640000e-08  1.65116461e-01 
 3.13140000e-08  1.96014604e-01 
 3.13640000e-08  2.26719303e-01 
 3.14140000e-08  2.57200258e-01 
 3.14640000e-08  2.87427388e-01 
 3.15140000e-08  3.17370861e-01 
 3.15640000e-08  3.47001128e-01 
 3.16140000e-08  3.76288946e-01 
 3.16640000e-08  4.05205413e-01 
 3.17140000e-08  4.33721991e-01 
 3.17640000e-08  4.61810537e-01 
 3.18140000e-08  4.89443332e-01 
 3.18640000e-08  5.16593106e-01 
 3.19140000e-08  5.43233065e-01 
 3.19640000e-08  5.69336919e-01 
 3.20140000e-08  5.94878905e-01 
 3.20640000e-08  6.19833818e-01 
 3.21140000e-08  6.44177030e-01 
 3.21640000e-08  6.67884517e-01 
 3.22140000e-08  6.90932882e-01 
 3.22640000e-08  7.13299380e-01 
 3.23140000e-08  7.34961938e-01 
 3.23640000e-08  7.55899177e-01 
 3.24140000e-08  7.76090435e-01 
 3.24640000e-08  7.95515785e-01 
 3.25140000e-08  8.14156057e-01 
 3.25640000e-08  8.31992856e-01 
 3.26140000e-08  8.49008578e-01 
 3.26640000e-08  8.65186431e-01 
 3.27140000e-08  8.80510449e-01 
 3.27640000e-08  8.94965510e-01 
 3.28140000e-08  9.08537348e-01 
 3.28640000e-08  9.21212569e-01 
 3.29140000e-08  9.32978665e-01 
 3.29640000e-08  9.43824024e-01 
 3.30140000e-08  9.53737942e-01 
 3.30640000e-08  9.62710636e-01 
 3.31140000e-08  9.70733250e-01 
 3.31640000e-08  9.77797869e-01 
 3.32140000e-08  9.83897518e-01 
 3.32640000e-08  9.89026180e-01 
 3.33140000e-08  9.93178792e-01 
 3.33640000e-08  9.96351257e-01 
 3.34140000e-08  9.98540443e-01 
 3.34640000e-08  9.99744191e-01 
 3.35140000e-08  9.99961311e-01 
 3.35640000e-08  9.99191591e-01 
 3.36140000e-08  9.97435789e-01 
 3.36640000e-08  9.94695638e-01 
 3.37140000e-08  9.90973843e-01 
 3.37640000e-08  9.86274077e-01 
 3.38140000e-08  9.80600977e-01 
 3.38640000e-08  9.73960142e-01 
 3.39140000e-08  9.66358126e-01 
 3.39640000e-08  9.57802431e-01 
 3.40140000e-08  9.48301501e-01 
 3.40640000e-08  9.37864712e-01 
 3.41140000e-08  9.26502363e-01 
 3.41640000e-08  9.14225669e-01 
 3.42140000e-08  9.01046744e-01 
 3.42640000e-08  8.86978595e-01 
 3.43140000e-08  8.72035105e-01 
 3.43640000e-08  8.56231022e-01 
 3.44140000e-08  8.39581942e-01 
 3.44640000e-08  8.22104296e-01 
 3.45140000e-08  8.03815332e-01 
 3.45640000e-08  7.84733100e-01 
 3.46140000e-08  7.64876431e-01 
 3.46640000e-08  7.44264921e-01 
 3.47140000e-08  7.22918911e-01 
 3.47640000e-08  7.00859468e-01 
 3.48140000e-08  6.78108361e-01 
 3.48640000e-08  6.54688044e-01 
 3.49140000e-08  6.30621628e-01 
 3.49640000e-08  6.05932864e-01 
 3.50140000e-08  5.80646118e-01 
 3.50640000e-08  5.54786345e-01 
 3.51140000e-08  5.28379064e-01 
 3.51640000e-08  5.01450337e-01 
 3.52140000e-08  4.74026739e-01 
 3.52640000e-08  4.46135334e-01 
 3.53140000e-08  4.17803647e-01 
 3.53640000e-08  3.89059638e-01 
 3.54140000e-08  3.59931675e-01 
 3.54640000e-08  3.30448502e-01 
 3.55140000e-08  3.00639217e-01 
 3.55640000e-08  2.70533237e-01 
 3.56140000e-08  2.40160273e-01 
 3.56640000e-08  2.09550300e-01 
 3.57140000e-08  1.78733527e-01 
 3.57640000e-08  1.47740364e-01 
 3.58140000e-08  1.16601400e-01 
 3.58640000e-08  8.53473649e-02 
 3.59140000e-08  5.40091018e-02 
 3.59640000e-08  2.26175383e-02 
 3.60140000e-08 -8.79634599e-03 
 3.60640000e-08 -4.02015494e-02 
 3.61140000e-08 -7.15670787e-02 
 3.61640000e-08 -1.02861980e-01 
 3.62140000e-08 -1.34055369e-01 
 3.62640000e-08 -1.65116461e-01 
 3.63140000e-08 -1.96014604e-01 
 3.63640000e-08 -2.26719303e-01 
 3.64140000e-08 -2.57200258e-01 
 3.64640000e-08 -2.87427388e-01 
 3.65140000e-08 -3.17370861e-01 
 3.65640000e-08 -3.47001128e-01 
 3.66140000e-08 -3.76288946e-01 
 3.66640000e-08 -4.05205413e-01 
 3.67140000e-08 -4.33721991e-01 
 3.67640000e-08 -4.61810537e-01 
 3.68140000e-08 -4.89443332e-01 
 3.68640000e-08 -5.16593106e-01 
 3.69140000e-08 -5.43233065e-01 
 3.69640000e-08 -5.69336919e-01 
 3.70140000e-08 -5.94878905e-01 
 3.70640000e-08 -6.19833818e-01 
 3.71140000e-08 -6.44177030e-01 
 3.71640000e-08 -6.67884517e-01 
 3.72140000e-08 -6.90932882e-01 
 3.72640000e-08 -7.13299380e-01 
 3.73140000e-08 -7.34961938e-01 
 3.73640000e-08 -7.55899177e-01 
 3.74140000e-08 -7.76090435e-01 
 3.74640000e-08 -7.95515785e-01 
 3.75140000e-08 -8.14156057e-01 
 3.75640000e-08 -8.31992856e-01 
 3.76140000e-08 -8.49008578e-01 
 3.76640000e-08 -8.65186431e-01 
 3.77140000e-08 -8.80510449e-01 
 3.77640000e-08 -8.94965510e-01 
 3.78140000e-08 -9.08537348e-01 
 3.78640000e-08 -9.21212569e-01 
 3.79140000e-08 -9.32978665e-01 
 3.79640000e-08 -9.43824024e-01 
 3.80140000e-08 -9.53737942e-01 
 3.80640000e-08 -9.62710636e-01 
 3.81140000e-08 -9.70733250e-01 
 3.81640000e-08 -9.77797869e-01 
 3.82140000e-08 -9.83897518e-01 
 3.82640000e-08 -9.89026180e-01 
 3.83140000e-08 -9.93178792e-01 
 3.83640000e-08 -9.96351257e-01 
 3.84140000e-08 -9.98540443e-01 
 3.84640000e-08 -9.99744191e-01 
 3.85140000e-08 -9.99961311e-01 
 3.85640000e-08 -9.99191591e-01 
 3.86140000e-08 -9.97435789e-01 
 3.86640000e-08 -9.94695638e-01 
 3.87140000e-08 -9.90973843e-01 
 3.87640000e-08 -9.86274077e-01 
 3.88140000e-08 -9.80600977e-01 
 3.88640000e-08 -9.73960142e-01 
 3.89140000e-08 -9.66358126e-01 
 3.89640000e-08 -9.57802431e-01 
 3.90140000e-08 -9.48301501e-01 
 3.90640000e-08 -9.37864712e-01 
 3.91140000e-08 -9.26502363e-01 
 3.91640000e-08 -9.14225669e-01 
 3.92140000e-08 -9.01046744e-01 
 3.92640000e-08 -8.86978595e-01 
 3.93140000e-08 -8.72035105e-01 
 3.93640000e-08 -8.56231022e-01 
 3.94140000e-08 -8.39581942e-01 
 3.94640000e-08 -8.22104296e-01 
 3.95140000e-08 -8.03815332e-01 
 3.95640000e-08 -7.84733100e-01 
 3.96140000e-08 -7.64876431e-01 
 3.96640000e-08 -7.44264921e-01 
 3.97140000e-08 -7.22918911e-01 
 3.97640000e-08 -7.00859468e-01 
 3.98140000e-08 -6.78108361e-01 
 3.98640000e-08 -6.54688044e-01 
 3.99140000e-08 -6.30621628e-01 
 3.99640000e-08 -6.05932864e-01 
 4.00140000e-08 -5.80646118e-01 
 4.00640000e-08 -5.54786345e-01 
 4.01140000e-08 -5.28379064e-01 
 4.01640000e-08 -5.01450337e-01 
 4.02140000e-08 -4.74026739e-01 
 4.02640000e-08 -4.46135334e-01 
 4.03140000e-08 -4.17803647e-01 
 4.03640000e-08 -3.89059638e-01 
 4.04140000e-08 -3.59931675e-01 
 4.04640000e-08 -3.30448502e-01 
 4.05140000e-08 -3.00639217e-01 
 4.05640000e-08 -2.70533237e-01 
 4.06140000e-08 -2.40160273e-01 
 4.06640000e-08 -2.09550300e-01 
 4.07140000e-08 -1.78733527e-01 
 4.07640000e-08 -1.47740364e-01 
 4.08140000e-08 -1.16601400e-01 
 4.08640000e-08 -8.53473649e-02 
 4.09140000e-08 -5.40091018e-02 
 4.09640000e-08 -2.26175383e-02 
 4.10140000e-08  8.79634599e-03 
 4.10640000e-08  4.02015494e-02 
 4.11140000e-08  7.15670787e-02 
 4.11640000e-08  1.02861980e-01 
 4.12140000e-08  1.34055369e-01 
 4.12640000e-08  1.65116461e-01 
 4.13140000e-08  1.96014604e-01 
 4.13640000e-08  2.26719303e-01 
 4.14140000e-08  2.57200258e-01 
 4.14640000e-08  2.87427388e-01 
 4.15140000e-08  3.17370861e-01 
 4.15640000e-08  3.47001128e-01 
 4.16140000e-08  3.76288946e-01 
 4.16640000e-08  4.05205413e-01 
 4.17140000e-08  4.33721991e-01 
 4.17640000e-08  4.61810537e-01 
 4.18140000e-08  4.89443332e-01 
 4.18640000e-08  5.16593106e-01 
 4.19140000e-08  5.43233065e-01 
 4.19640000e-08  5.69336919e-01 
 4.20140000e-08  5.94878905e-01 
 4.20640000e-08  6.19833818e-01 
 4.21140000e-08  6.44177030e-01 
 4.21640000e-08  6.67884517e-01 
 4.22140000e-08  6.90932882e-01 
 4.22640000e-08  7.13299380e-01 
 4.23140000e-08  7.34961938e-01 
 4.23640000e-08  7.55899177e-01 
 4.24140000e-08  7.76090435e-01 
 4.24640000e-08  7.95515785e-01 
 4.25140000e-08  8.14156057e-01 
 4.25640000e-08  8.31992856e-01 
 4.26140000e-08  8.49008578e-01 
 4.26640000e-08  8.65186431e-01 
 4.27140000e-08  8.80510449e-01 
 4.27640000e-08  8.94965510e-01 
 4.28140000e-08  9.08537348e-01 
 4.28640000e-08  9.21212569e-01 
 4.29140000e-08  9.32978665e-01 
 4.29640000e-08  9.43824024e-01 
 4.30140000e-08  9.53737942e-01 
 4.30640000e-08  9.62710636e-01 
 4.31140000e-08  9.70733250e-01 
 4.31640000e-08  9.77797869e-01 
 4.32140000e-08  9.83897518e-01 
 4.32640000e-08  9.89026180e-01 
 4.33140000e-08  9.93178792e-01 
 4.33640000e-08  9.96351257e-01 
 4.34140000e-08  9.98540443e-01 
 4.34640000e-08  9.99744191e-01 
 4.35140000e-08  9.99961311e-01 
 4.35640000e-08  9.99191591e-01 
 4.36140000e-08  9.97435789e-01 
 4.36640000e-08  9.94695638e-01 
 4.37140000e-08  9.90973843e-01 
 4.37640000e-08  9.86274077e-01 
 4.38140000e-08  9.80600977e-01 
 4.38640000e-08  9.73960142e-01 
 4.39140000e-08  9.66358126e-01 
 4.39640000e-08  9.57802431e-01 
 4.40140000e-08  9.48301501e-01 
 4.40640000e-08  9.37864712e-01 
 4.41140000e-08  9.26502363e-01 
 4.41640000e-08  9.14225669e-01 
 4.42140000e-08  9.01046744e-01 
 4.42640000e-08  8.86978595e-01 
 4.43140000e-08  8.72035105e-01 
 4.43640000e-08  8.56231022e-01 
 4.44140000e-08  8.39581942e-01 
 4.44640000e-08  8.22104296e-01 
 4.45140000e-08  8.03815332e-01 
 4.45640000e-08  7.84733100e-01 
 4.46140000e-08  7.64876431e-01 
 4.46640000e-08  7.44264921e-01 
 4.47140000e-08  7.22918911e-01 
 4.47640000e-08  7.00859468e-01 
 4.48140000e-08  6.78108361e-01 
 4.48640000e-08  6.54688044e-01 
 4.49140000e-08  6.30621628e-01 
 4.49640000e-08  6.05932864e-01 
 4.50140000e-08  5.80646118e-01 
 4.50640000e-08  5.54786345e-01 
 4.51140000e-08  5.28379064e-01 
 4.51640000e-08  5.01450337e-01 
 4.52140000e-08  4.74026739e-01 
 4.52640000e-08  4.46135334e-01 
 4.53140000e-08  4.17803647e-01 
 4.53640000e-08  3.89059638e-01 
 4.54140000e-08  3.59931675e-01 
 4.54640000e-08  3.30448502e-01 
 4.55140000e-08  3.00639217e-01 
 4.55640000e-08  2.70533237e-01 
 4.56140000e-08  2.40160273e-01 
 4.56640000e-08  2.09550300e-01 
 4.57140000e-08  1.78733527e-01 
 4.57640000e-08  1.47740364e-01 
 4.58140000e-08  1.16601400e-01 
 4.58640000e-08  8.53473649e-02 
 4.59140000e-08  5.40091018e-02 
 4.59640000e-08  2.26175383e-02 
 4.60140000e-08 -8.79634599e-03 
 4.60640000e-08 -4.02015494e-02 
 4.61140000e-08 -7.15670787e-02 
 4.61640000e-08 -1.02861980e-01 
 4.62140000e-08 -1.34055369e-01 
 4.62640000e-08 -1.65116461e-01 
 4.63140000e-08 -1.96014604e-01 
 4.63640000e-08 -2.26719303e-01 
 4.64140000e-08 -2.57200258e-01 
 4.64640000e-08 -2.87427388e-01 
 4.65140000e-08 -3.17370861e-01 
 4.65640000e-08 -3.47001128e-01 
 4.66140000e-08 -3.76288946e-01 
 4.66640000e-08 -4.05205413e-01 
 4.67140000e-08 -4.33721991e-01 
 4.67640000e-08 -4.61810537e-01 
 4.68140000e-08 -4.89443332e-01 
 4.68640000e-08 -5.16593106e-01 
 4.69140000e-08 -5.43233065e-01 
 4.69640000e-08 -5.69336919e-01 
 4.70140000e-08 -5.94878905e-01 
 4.70640000e-08 -6.19833818e-01 
 4.71140000e-08 -6.44177030e-01 
 4.71640000e-08 -6.67884517e-01 
 4.72140000e-08 -6.90932882e-01 
 4.72640000e-08 -7.13299380e-01 
 4.73140000e-08 -7.34961938e-01 
 4.73640000e-08 -7.55899177e-01 
 4.74140000e-08 -7.76090435e-01 
 4.74640000e-08 -7.95515785e-01 
 4.75140000e-08 -8.14156057e-01 
 4.75640000e-08 -8.31992856e-01 
 4.76140000e-08 -8.49008578e-01 
 4.76640000e-08 -8.65186431e-01 
 4.77140000e-08 -8.80510449e-01 
 4.77640000e-08 -8.94965510e-01 
 4.78140000e-08 -9.08537348e-01 
 4.78640000e-08 -9.21212569e-01 
 4.79140000e-08 -9.32978665e-01 
 4.79640000e-08 -9.43824024e-01 
 4.80140000e-08 -9.53737942e-01 
 4.80640000e-08 -9.62710636e-01 
 4.81140000e-08 -9.70733250e-01 
 4.81640000e-08 -9.77797869e-01 
 4.82140000e-08 -9.83897518e-01 
 4.82640000e-08 -9.89026180e-01 
 4.83140000e-08 -9.93178792e-01 
 4.83640000e-08 -9.96351257e-01 
 4.84140000e-08 -9.98540443e-01 
 4.84640000e-08 -9.99744191e-01 
 4.85140000e-08 -9.99961311e-01 
 4.85640000e-08 -9.99191591e-01 
 4.86140000e-08 -9.97435789e-01 
 4.86640000e-08 -9.94695638e-01 
 4.87140000e-08 -9.90973843e-01 
 4.87640000e-08 -9.86274077e-01 
 4.88140000e-08 -9.80600977e-01 
 4.88640000e-08 -9.73960142e-01 
 4.89140000e-08 -9.66358126e-01 
 4.89640000e-08 -9.57802431e-01 
 4.90140000e-08 -9.48301501e-01 
 4.90640000e-08 -9.37864712e-01 
 4.91140000e-08 -9.26502363e-01 
 4.91640000e-08 -9.14225669e-01 
 4.92140000e-08 -9.01046744e-01 
 4.92640000e-08 -8.86978595e-01 
 4.93140000e-08 -8.72035105e-01 
 4.93640000e-08 -8.56231022e-01 
 4.94140000e-08 -8.39581942e-01 
 4.94640000e-08 -8.22104296e-01 
 4.95140000e-08 -8.03815332e-01 
 4.95640000e-08 -7.84733100e-01 
 4.96140000e-08 -7.64876431e-01 
 4.96640000e-08 -7.44264921e-01 
 4.97140000e-08 -7.22918911e-01 
 4.97640000e-08 -7.00859468e-01 
 4.98140000e-08 -6.78108361e-01 
 4.98640000e-08 -6.54688044e-01 
 4.99140000e-08 -6.30621628e-01 
 4.99640000e-08 -6.05932864e-01 
 5.00000000e-08 -5.87785252e-01 
