 0.00000000e+00  0.00000000e+00 
 5.00000000e-13  0.00000000e+00 
 1.00000000e-12  0.00000000e+00 
 2.00000000e-12  0.00000000e+00 
 4.00000000e-12  0.00000000e+00 
 8.00000000e-12  0.00000000e+00 
 1.60000000e-11  0.00000000e+00 
 3.20000000e-11  0.00000000e+00 
 6.40000000e-11  0.00000000e+00 
 1.14000000e-10  0.00000000e+00 
 1.64000000e-10  0.00000000e+00 
 2.14000000e-10  0.00000000e+00 
 2.64000000e-10  0.00000000e+00 
 3.14000000e-10  0.00000000e+00 
 3.64000000e-10  0.00000000e+00 
 4.14000000e-10  0.00000000e+00 
 4.64000000e-10  0.00000000e+00 
 5.14000000e-10  0.00000000e+00 
 5.64000000e-10  0.00000000e+00 
 6.14000000e-10  0.00000000e+00 
 6.64000000e-10  0.00000000e+00 
 7.14000000e-10  0.00000000e+00 
 7.64000000e-10  0.00000000e+00 
 8.14000000e-10  0.00000000e+00 
 8.64000000e-10  0.00000000e+00 
 9.14000000e-10  0.00000000e+00 
 9.64000000e-10  0.00000000e+00 
 1.01400000e-09  2.14545024e-04 
 1.06400000e-09  1.39915003e-03 
 1.11400000e-09  4.05696291e-03 
 1.16400000e-09  8.11342956e-03 
 1.21400000e-09  1.34961244e-02 
 1.26400000e-09  2.01346508e-02 
 1.31400000e-09  2.79605475e-02 
 1.36400000e-09  3.69072014e-02 
 1.41400000e-09  4.69097663e-02 
 1.46400000e-09  5.79050861e-02 
 1.51400000e-09  6.98316246e-02 
 1.56400000e-09  8.26293987e-02 
 1.61400000e-09  9.62399176e-02 
 1.66400000e-09  1.10606126e-01 
 1.71400000e-09  1.25672349e-01 
 1.76400000e-09  1.41384247e-01 
 1.81400000e-09  1.57688768e-01 
 1.86400000e-09  1.74534107e-01 
 1.91400000e-09  1.91869667e-01 
 1.96400000e-09  2.09646025e-01 
 2.01400000e-09  2.27814897e-01 
 2.06400000e-09  2.46329115e-01 
 2.11400000e-09  2.65142593e-01 
 2.16400000e-09  2.84210310e-01 
 2.21400000e-09  3.03488280e-01 
 2.26400000e-09  3.22933541e-01 
 2.31400000e-09  3.42504132e-01 
 2.36400000e-09  3.62159080e-01 
 2.41400000e-09  3.81858383e-01 
 2.46400000e-09  4.01563004e-01 
 2.51400000e-09  4.21234854e-01 
 2.56400000e-09  4.40836786e-01 
 2.61400000e-09  4.60332587e-01 
 2.66400000e-09  4.79686973e-01 
 2.71400000e-09  4.98865581e-01 
 2.76400000e-09  5.17834967e-01 
 2.81400000e-09  5.36562599e-01 
 2.86400000e-09  5.55016860e-01 
 2.91400000e-09  5.73167044e-01 
 2.96400000e-09  5.90983351e-01 
 3.01400000e-09  6.08436894e-01 
 3.06400000e-09  6.25499694e-01 
 3.11400000e-09  6.42144681e-01 
 3.16400000e-09  6.58345700e-01 
 3.21400000e-09  6.74077504e-01 
 3.26400000e-09  6.89315765e-01 
 3.31400000e-09  7.04037069e-01 
 3.36400000e-09  7.18218920e-01 
 3.41400000e-09  7.31839746e-01 
 3.46400000e-09  7.44878896e-01 
 3.51400000e-09  7.57316645e-01 
 3.56400000e-09  7.69134196e-01 
 3.61400000e-09  7.80313684e-01 
 3.66400000e-09  7.90838173e-01 
 3.71400000e-09  8.00691664e-01 
 3.76400000e-09  8.09859093e-01 
 3.81400000e-09  8.18326334e-01 
 3.86400000e-09  8.26080199e-01 
 3.91400000e-09  8.33108439e-01 
 3.96400000e-09  8.39399749e-01 
 4.01400000e-09  8.44943759e-01 
 4.06400000e-09  8.49731044e-01 
 4.11400000e-09  8.53753117e-01 
 4.16400000e-09  8.57002429e-01 
 4.21400000e-09  8.59472370e-01 
 4.26400000e-09  8.61157262e-01 
 4.31400000e-09  8.62052364e-01 
 4.36400000e-09  8.62153862e-01 
 4.41400000e-09  8.61458868e-01 
 4.46400000e-09  8.59965416e-01 
 4.51400000e-09  8.57672460e-01 
 4.56400000e-09  8.54579863e-01 
 4.61400000e-09  8.50688395e-01 
 4.66400000e-09  8.45999726e-01 
 4.71400000e-09  8.40516418e-01 
 4.76400000e-09  8.34241919e-01 
 4.81400000e-09  8.27180553e-01 
 4.86400000e-09  8.19337511e-01 
 4.91400000e-09  8.10718844e-01 
 4.96400000e-09  8.01331449e-01 
 5.01400000e-09  7.91183061e-01 
 5.06400000e-09  7.80282240e-01 
 5.11400000e-09  7.68638360e-01 
 5.16400000e-09  7.56261596e-01 
 5.21400000e-09  7.43162911e-01 
 5.26400000e-09  7.29354039e-01 
 5.31400000e-09  7.14847475e-01 
 5.36400000e-09  6.99656459e-01 
 5.41400000e-09  6.83794957e-01 
 5.46400000e-09  6.67277646e-01 
 5.51400000e-09  6.50119900e-01 
 5.56400000e-09  6.32337770e-01 
 5.61400000e-09  6.13947964e-01 
 5.66400000e-09  5.94967834e-01 
 5.71400000e-09  5.75415350e-01 
 5.76400000e-09  5.55309086e-01 
 5.81400000e-09  5.34668198e-01 
 5.86400000e-09  5.13512402e-01 
 5.91400000e-09  4.91861955e-01 
 5.96400000e-09  4.69737631e-01 
 6.01400000e-09  4.47160703e-01 
 6.06400000e-09  4.24152915e-01 
 6.11400000e-09  4.00736465e-01 
 6.16400000e-09  3.76933977e-01 
 6.21400000e-09  3.52768482e-01 
 6.26400000e-09  3.28263389e-01 
 6.31400000e-09  3.03442466e-01 
 6.36400000e-09  2.78329812e-01 
 6.41400000e-09  2.52949832e-01 
 6.46400000e-09  2.27327214e-01 
 6.51400000e-09  2.01486905e-01 
 6.56400000e-09  1.75454081e-01 
 6.61400000e-09  1.49254124e-01 
 6.66400000e-09  1.22912597e-01 
 6.71400000e-09  9.64552165e-02 
 6.76400000e-09  6.99078272e-02 
 6.81400000e-09  4.32963754e-02 
 6.86400000e-09  1.66468829e-02 
 6.91400000e-09 -1.00145789e-02 
 6.96400000e-09 -3.66619162e-02 
 7.01400000e-09 -6.32690379e-02 
 7.06400000e-09 -8.98098830e-02 
 7.11400000e-09 -1.16258446e-01 
 7.16400000e-09 -1.42588803e-01 
 7.21400000e-09 -1.68775140e-01 
 7.26400000e-09 -1.94791773e-01 
 7.31400000e-09 -2.20613183e-01 
 7.36400000e-09 -2.46214030e-01 
 7.41400000e-09 -2.71569190e-01 
 7.46400000e-09 -2.96653771e-01 
 7.51400000e-09 -3.21443144e-01 
 7.56400000e-09 -3.45912965e-01 
 7.61400000e-09 -3.70039196e-01 
 7.66400000e-09 -3.93798138e-01 
 7.71400000e-09 -4.17166446e-01 
 7.76400000e-09 -4.40121155e-01 
 7.81400000e-09 -4.62639705e-01 
 7.86400000e-09 -4.84699961e-01 
 7.91400000e-09 -5.06280237e-01 
 7.96400000e-09 -5.27359315e-01 
 8.01400000e-09 -5.47916470e-01 
 8.06400000e-09 -5.67931485e-01 
 8.11400000e-09 -5.87384678e-01 
 8.16400000e-09 -6.06256916e-01 
 8.21400000e-09 -6.24529637e-01 
 8.26400000e-09 -6.42184867e-01 
 8.31400000e-09 -6.59205239e-01 
 8.36400000e-09 -6.75574009e-01 
 8.41400000e-09 -6.91275074e-01 
 8.46400000e-09 -7.06292988e-01 
 8.51400000e-09 -7.20612977e-01 
 8.56400000e-09 -7.34220951e-01 
 8.61400000e-09 -7.47103524e-01 
 8.66400000e-09 -7.59248021e-01 
 8.71400000e-09 -7.70642495e-01 
 8.76400000e-09 -7.81275737e-01 
 8.81400000e-09 -7.91137288e-01 
 8.86400000e-09 -8.00217448e-01 
 8.91400000e-09 -8.08507286e-01 
 8.96400000e-09 -8.15998651e-01 
 9.01400000e-09 -8.22684179e-01 
 9.06400000e-09 -8.28557297e-01 
 9.11400000e-09 -8.33612236e-01 
 9.16400000e-09 -8.37844030e-01 
 9.21400000e-09 -8.41248526e-01 
 9.26400000e-09 -8.43822387e-01 
 9.31400000e-09 -8.45563093e-01 
 9.36400000e-09 -8.46468945e-01 
 9.41400000e-09 -8.46539069e-01 
 9.46400000e-09 -8.45773412e-01 
 9.51400000e-09 -8.44172749e-01 
 9.56400000e-09 -8.41738674e-01 
 9.61400000e-09 -8.38473606e-01 
 9.66400000e-09 -8.34380780e-01 
 9.71400000e-09 -8.29464250e-01 
 9.76400000e-09 -8.23728881e-01 
 9.81400000e-09 -8.17180346e-01 
 9.86400000e-09 -8.09825120e-01 
 9.91400000e-09 -8.01670472e-01 
 9.96400000e-09 -7.92724461e-01 
 1.00140000e-08 -7.82995926e-01 
 1.00640000e-08 -7.72494477e-01 
 1.01140000e-08 -7.61230488e-01 
 1.01640000e-08 -7.49215084e-01 
 1.02140000e-08 -7.36460130e-01 
 1.02640000e-08 -7.22978223e-01 
 1.03140000e-08 -7.08782675e-01 
 1.03640000e-08 -6.93887503e-01 
 1.04140000e-08 -6.78307413e-01 
 1.04640000e-08 -6.62057787e-01 
 1.05140000e-08 -6.45154669e-01 
 1.05640000e-08 -6.27614745e-01 
 1.06140000e-08 -6.09455331e-01 
 1.06640000e-08 -5.90694353e-01 
 1.07140000e-08 -5.71350332e-01 
 1.07640000e-08 -5.51442362e-01 
 1.08140000e-08 -5.30990094e-01 
 1.08640000e-08 -5.10013718e-01 
 1.09140000e-08 -4.88533938e-01 
 1.09640000e-08 -4.66571957e-01 
 1.10140000e-08 -4.44149452e-01 
 1.10640000e-08 -4.21288554e-01 
 1.11140000e-08 -3.98011829e-01 
 1.11640000e-08 -3.74342250e-01 
 1.12140000e-08 -3.50303181e-01 
 1.12640000e-08 -3.25918347e-01 
 1.13140000e-08 -3.01211816e-01 
 1.13640000e-08 -2.76207974e-01 
 1.14140000e-08 -2.50931498e-01 
 1.14640000e-08 -2.25407336e-01 
 1.15140000e-08 -1.99660679e-01 
 1.15640000e-08 -1.73716939e-01 
 1.16140000e-08 -1.47601721e-01 
 1.16640000e-08 -1.21340799e-01 
 1.17140000e-08 -9.49600915e-02 
 1.17640000e-08 -6.84856352e-02 
 1.18140000e-08 -4.19435586e-02 
 1.18640000e-08 -1.53600572e-02 
 1.19140000e-08  1.12386327e-02 
 1.19640000e-08  3.78262600e-02 
 1.20140000e-08  6.43765845e-02 
 1.20640000e-08  9.08634028e-02 
 1.21140000e-08  1.17260575e-01 
 1.21640000e-08  1.43542048e-01 
 1.22140000e-08  1.69681884e-01 
 1.22640000e-08  1.95654287e-01 
 1.23140000e-08  2.21433622e-01 
 1.23640000e-08  2.46994448e-01 
 1.24140000e-08  2.72311539e-01 
 1.24640000e-08  2.97359908e-01 
 1.25140000e-08  3.22114835e-01 
 1.25640000e-08  3.46551890e-01 
 1.26140000e-08  3.70646955e-01 
 1.26640000e-08  3.94376250e-01 
 1.27140000e-08  4.17716357e-01 
 1.27640000e-08  4.40644241e-01 
 1.28140000e-08  4.63137274e-01 
 1.28640000e-08  4.85173259e-01 
 1.29140000e-08  5.06730447e-01 
 1.29640000e-08  5.27787564e-01 
 1.30140000e-08  5.48323828e-01 
 1.30640000e-08  5.68318973e-01 
 1.31140000e-08  5.87753264e-01 
 1.31640000e-08  6.06607522e-01 
 1.32140000e-08  6.24863140e-01 
 1.32640000e-08  6.42502102e-01 
 1.33140000e-08  6.59506999e-01 
 1.33640000e-08  6.75861049e-01 
 1.34140000e-08  6.91548112e-01 
 1.34640000e-08  7.06552708e-01 
 1.35140000e-08  7.20860027e-01 
 1.35640000e-08  7.34455950e-01 
 1.36140000e-08  7.47327059e-01 
 1.36640000e-08  7.59460652e-01 
 1.37140000e-08  7.70844754e-01 
 1.37640000e-08  7.81468130e-01 
 1.38140000e-08  7.91320296e-01 
 1.38640000e-08  8.00391528e-01 
 1.39140000e-08  8.08672875e-01 
 1.39640000e-08  8.16156163e-01 
 1.40140000e-08  8.22834007e-01 
 1.40640000e-08  8.28699816e-01 
 1.41140000e-08  8.33747803e-01 
 1.41640000e-08  8.37972984e-01 
 1.42140000e-08  8.41371190e-01 
 1.42640000e-08  8.43939067e-01 
 1.43140000e-08  8.45674081e-01 
 1.43640000e-08  8.46574519e-01 
 1.44140000e-08  8.46639493e-01 
 1.44640000e-08  8.45868938e-01 
 1.45140000e-08  8.44263615e-01 
 1.45640000e-08  8.41825107e-01 
 1.46140000e-08  8.38555822e-01 
 1.46640000e-08  8.34458986e-01 
 1.47140000e-08  8.29538641e-01 
 1.47640000e-08  8.23799644e-01 
 1.48140000e-08  8.17247657e-01 
 1.48640000e-08  8.09889147e-01 
 1.49140000e-08  8.01731376e-01 
 1.49640000e-08  7.92782394e-01 
 1.50140000e-08  7.83051033e-01 
 1.50640000e-08  7.72546896e-01 
 1.51140000e-08  7.61280350e-01 
 1.51640000e-08  7.49262513e-01 
 1.52140000e-08  7.36505246e-01 
 1.52640000e-08  7.23021139e-01 
 1.53140000e-08  7.08823497e-01 
 1.53640000e-08  6.93926334e-01 
 1.54140000e-08  6.78344349e-01 
 1.54640000e-08  6.62092922e-01 
 1.55140000e-08  6.45188090e-01 
 1.55640000e-08  6.27646535e-01 
 1.56140000e-08  6.09485570e-01 
 1.56640000e-08  5.90723118e-01 
 1.57140000e-08  5.71377693e-01 
 1.57640000e-08  5.51468388e-01 
 1.58140000e-08  5.31014851e-01 
 1.58640000e-08  5.10037268e-01 
 1.59140000e-08  4.88556339e-01 
 1.59640000e-08  4.66593265e-01 
 1.60140000e-08  4.44169720e-01 
 1.60640000e-08  4.21307834e-01 
 1.61140000e-08  3.98030168e-01 
 1.61640000e-08  3.74359695e-01 
 1.62140000e-08  3.50319775e-01 
 1.62640000e-08  3.25934131e-01 
 1.63140000e-08  3.01226831e-01 
 1.63640000e-08  2.76222256e-01 
 1.64140000e-08  2.50945083e-01 
 1.64640000e-08  2.25420259e-01 
 1.65140000e-08  1.99672972e-01 
 1.65640000e-08  1.73728632e-01 
 1.66140000e-08  1.47612843e-01 
 1.66640000e-08  1.21351379e-01 
 1.67140000e-08  9.49701551e-02 
 1.67640000e-08  6.84952078e-02 
 1.68140000e-08  4.19526643e-02 
 1.68640000e-08  1.53687187e-02 
 1.69140000e-08 -1.12303937e-02 
 1.69640000e-08 -3.78184229e-02 
 1.70140000e-08 -6.43691296e-02 
 1.70640000e-08 -9.08563117e-02 
 1.71140000e-08 -1.17253829e-01 
 1.71640000e-08 -1.43535631e-01 
 1.72140000e-08 -1.69675781e-01 
 1.72640000e-08 -1.95648481e-01 
 1.73140000e-08 -2.21428100e-01 
 1.73640000e-08 -2.46989195e-01 
 1.74140000e-08 -2.72306542e-01 
 1.74640000e-08 -2.97355155e-01 
 1.75140000e-08 -3.22110314e-01 
 1.75640000e-08 -3.46547590e-01 
 1.76140000e-08 -3.70642864e-01 
 1.76640000e-08 -3.94372359e-01 
 1.77140000e-08 -4.17712655e-01 
 1.77640000e-08 -4.40640720e-01 
 1.78140000e-08 -4.63133925e-01 
 1.78640000e-08 -4.85170073e-01 
 1.79140000e-08 -5.06727417e-01 
 1.79640000e-08 -5.27784682e-01 
 1.80140000e-08 -5.48321086e-01 
 1.80640000e-08 -5.68316365e-01 
 1.81140000e-08 -5.87750783e-01 
 1.81640000e-08 -6.06605162e-01 
 1.82140000e-08 -6.24860896e-01 
 1.82640000e-08 -6.42499967e-01 
 1.83140000e-08 -6.59504967e-01 
 1.83640000e-08 -6.75859117e-01 
 1.84140000e-08 -6.91546274e-01 
 1.84640000e-08 -7.06550959e-01 
 1.85140000e-08 -7.20858364e-01 
 1.85640000e-08 -7.34454368e-01 
 1.86140000e-08 -7.47325555e-01 
 1.86640000e-08 -7.59459221e-01 
 1.87140000e-08 -7.70843393e-01 
 1.87640000e-08 -7.81466835e-01 
 1.88140000e-08 -7.91319064e-01 
 1.88640000e-08 -8.00390356e-01 
 1.89140000e-08 -8.08671760e-01 
 1.89640000e-08 -8.16155102e-01 
 1.90140000e-08 -8.22832998e-01 
 1.90640000e-08 -8.28698857e-01 
 1.91140000e-08 -8.33746890e-01 
 1.91640000e-08 -8.37972116e-01 
 1.92140000e-08 -8.41370364e-01 
 1.92640000e-08 -8.43938282e-01 
 1.93140000e-08 -8.45673334e-01 
 1.93640000e-08 -8.46573808e-01 
 1.94140000e-08 -8.46638817e-01 
 1.94640000e-08 -8.45868295e-01 
 1.95140000e-08 -8.44263003e-01 
 1.95640000e-08 -8.41824526e-01 
 1.96140000e-08 -8.38555269e-01 
 1.96640000e-08 -8.34458460e-01 
 1.97140000e-08 -8.29538140e-01 
 1.97640000e-08 -8.23799167e-01 
 1.98140000e-08 -8.17247204e-01 
 1.98640000e-08 -8.09888716e-01 
 1.99140000e-08 -8.01730966e-01 
 1.99640000e-08 -7.92782004e-01 
 2.00140000e-08 -7.83050662e-01 
 2.00640000e-08 -7.72546543e-01 
 2.01140000e-08 -7.61280014e-01 
 2.01640000e-08 -7.49262194e-01 
 2.02140000e-08 -7.36504943e-01 
 2.02640000e-08 -7.23020850e-01 
 2.03140000e-08 -7.08823222e-01 
 2.03640000e-08 -6.93926072e-01 
 2.04140000e-08 -6.78344101e-01 
 2.04640000e-08 -6.62092685e-01 
 2.05140000e-08 -6.45187865e-01 
 2.05640000e-08 -6.27646321e-01 
 2.06140000e-08 -6.09485367e-01 
 2.06640000e-08 -5.90722924e-01 
 2.07140000e-08 -5.71377509e-01 
 2.07640000e-08 -5.51468213e-01 
 2.08140000e-08 -5.31014685e-01 
 2.08640000e-08 -5.10037109e-01 
 2.09140000e-08 -4.88556188e-01 
 2.09640000e-08 -4.66593121e-01 
 2.10140000e-08 -4.44169584e-01 
 2.10640000e-08 -4.21307704e-01 
 2.11140000e-08 -3.98030045e-01 
 2.11640000e-08 -3.74359578e-01 
 2.12140000e-08 -3.50319663e-01 
 2.12640000e-08 -3.25934025e-01 
 2.13140000e-08 -3.01226729e-01 
 2.13640000e-08 -2.76222160e-01 
 2.14140000e-08 -2.50944992e-01 
 2.14640000e-08 -2.25420172e-01 
 2.15140000e-08 -1.99672889e-01 
 2.15640000e-08 -1.73728553e-01 
 2.16140000e-08 -1.47612768e-01 
 2.16640000e-08 -1.21351307e-01 
 2.17140000e-08 -9.49700874e-02 
 2.17640000e-08 -6.84951434e-02 
 2.18140000e-08 -4.19526030e-02 
 2.18640000e-08 -1.53686604e-02 
 2.19140000e-08  1.12304491e-02 
 2.19640000e-08  3.78184756e-02 
 2.20140000e-08  6.43691798e-02 
 2.20640000e-08  9.08563594e-02 
 2.21140000e-08  1.17253875e-01 
 2.21640000e-08  1.43535675e-01 
 2.22140000e-08  1.69675822e-01 
 2.22640000e-08  1.95648520e-01 
 2.23140000e-08  2.21428137e-01 
 2.23640000e-08  2.46989230e-01 
 2.24140000e-08  2.72306576e-01 
 2.24640000e-08  2.97355187e-01 
 2.25140000e-08  3.22110345e-01 
 2.25640000e-08  3.46547618e-01 
 2.26140000e-08  3.70642892e-01 
 2.26640000e-08  3.94372385e-01 
 2.27140000e-08  4.17712680e-01 
 2.27640000e-08  4.40640744e-01 
 2.28140000e-08  4.63133948e-01 
 2.28640000e-08  4.85170095e-01 
 2.29140000e-08  5.06727437e-01 
 2.29640000e-08  5.27784701e-01 
 2.30140000e-08  5.48321105e-01 
 2.30640000e-08  5.68316382e-01 
 2.31140000e-08  5.87750800e-01 
 2.31640000e-08  6.06605178e-01 
 2.32140000e-08  6.24860911e-01 
 2.32640000e-08  6.42499981e-01 
 2.33140000e-08  6.59504981e-01 
 2.33640000e-08  6.75859130e-01 
 2.34140000e-08  6.91546287e-01 
 2.34640000e-08  7.06550971e-01 
 2.35140000e-08  7.20858375e-01 
 2.35640000e-08  7.34454379e-01 
 2.36140000e-08  7.47325565e-01 
 2.36640000e-08  7.59459230e-01 
 2.37140000e-08  7.70843402e-01 
 2.37640000e-08  7.81466844e-01 
 2.38140000e-08  7.91319072e-01 
 2.38640000e-08  8.00390364e-01 
 2.39140000e-08  8.08671767e-01 
 2.39640000e-08  8.16155109e-01 
 2.40140000e-08  8.22833005e-01 
 2.40640000e-08  8.28698863e-01 
 2.41140000e-08  8.33746896e-01 
 2.41640000e-08  8.37972122e-01 
 2.42140000e-08  8.41370370e-01 
 2.42640000e-08  8.43938287e-01 
 2.43140000e-08  8.45673339e-01 
 2.43640000e-08  8.46573813e-01 
 2.44140000e-08  8.46638821e-01 
 2.44640000e-08  8.45868299e-01 
 2.45140000e-08  8.44263007e-01 
 2.45640000e-08  8.41824530e-01 
 2.46140000e-08  8.38555273e-01 
 2.46640000e-08  8.34458463e-01 
 2.47140000e-08  8.29538144e-01 
 2.47640000e-08  8.23799170e-01 
 2.48140000e-08  8.17247207e-01 
 2.48640000e-08  8.09888719e-01 
 2.49140000e-08  8.01730968e-01 
 2.49640000e-08  7.92782006e-01 
 2.50140000e-08  7.83050664e-01 
 2.50640000e-08  7.72546545e-01 
 2.51140000e-08  7.61280017e-01 
 2.51640000e-08  7.49262196e-01 
 2.52140000e-08  7.36504945e-01 
 2.52640000e-08  7.23020852e-01 
 2.53140000e-08  7.08823224e-01 
 2.53640000e-08  6.93926074e-01 
 2.54140000e-08  6.78344102e-01 
 2.54640000e-08  6.62092687e-01 
 2.55140000e-08  6.45187866e-01 
 2.55640000e-08  6.27646323e-01 
 2.56140000e-08  6.09485368e-01 
 2.56640000e-08  5.90722925e-01 
 2.57140000e-08  5.71377510e-01 
 2.57640000e-08  5.51468214e-01 
 2.58140000e-08  5.31014686e-01 
 2.58640000e-08  5.10037110e-01 
 2.59140000e-08  4.88556189e-01 
 2.59640000e-08  4.66593122e-01 
 2.60140000e-08  4.44169585e-01 
 2.60640000e-08  4.21307705e-01 
 2.61140000e-08  3.98030046e-01 
 2.61640000e-08  3.74359578e-01 
 2.62140000e-08  3.50319664e-01 
 2.62640000e-08  3.25934026e-01 
 2.63140000e-08  3.01226730e-01 
 2.63640000e-08  2.76222160e-01 
 2.64140000e-08  2.50944992e-01 
 2.64640000e-08  2.25420172e-01 
 2.65140000e-08  1.99672889e-01 
 2.65640000e-08  1.73728554e-01 
 2.66140000e-08  1.47612769e-01 
 2.66640000e-08  1.21351308e-01 
 2.67140000e-08  9.49700878e-02 
 2.67640000e-08  6.84951438e-02 
 2.68140000e-08  4.19526034e-02 
 2.68640000e-08  1.53686608e-02 
 2.69140000e-08 -1.12304488e-02 
 2.69640000e-08 -3.78184753e-02 
 2.70140000e-08 -6.43691795e-02 
 2.70640000e-08 -9.08563591e-02 
 2.71140000e-08 -1.17253874e-01 
 2.71640000e-08 -1.43535674e-01 
 2.72140000e-08 -1.69675822e-01 
 2.72640000e-08 -1.95648520e-01 
 2.73140000e-08 -2.21428136e-01 
 2.73640000e-08 -2.46989230e-01 
 2.74140000e-08 -2.72306575e-01 
 2.74640000e-08 -2.97355187e-01 
 2.75140000e-08 -3.22110345e-01 
 2.75640000e-08 -3.46547618e-01 
 2.76140000e-08 -3.70642891e-01 
 2.76640000e-08 -3.94372385e-01 
 2.77140000e-08 -4.17712680e-01 
 2.77640000e-08 -4.40640743e-01 
 2.78140000e-08 -4.63133948e-01 
 2.78640000e-08 -4.85170094e-01 
 2.79140000e-08 -5.06727437e-01 
 2.79640000e-08 -5.27784701e-01 
 2.80140000e-08 -5.48321105e-01 
 2.80640000e-08 -5.68316382e-01 
 2.81140000e-08 -5.87750800e-01 
 2.81640000e-08 -6.06605178e-01 
 2.82140000e-08 -6.24860911e-01 
 2.82640000e-08 -6.42499981e-01 
 2.83140000e-08 -6.59504981e-01 
 2.83640000e-08 -6.75859130e-01 
 2.84140000e-08 -6.91546287e-01 
 2.84640000e-08 -7.06550971e-01 
 2.85140000e-08 -7.20858375e-01 
 2.85640000e-08 -7.34454379e-01 
 2.86140000e-08 -7.47325565e-01 
 2.86640000e-08 -7.59459230e-01 
 2.87140000e-08 -7.70843402e-01 
 2.87640000e-08 -7.81466844e-01 
 2.88140000e-08 -7.91319072e-01 
 2.88640000e-08 -8.00390364e-01 
 2.89140000e-08 -8.08671767e-01 
 2.89640000e-08 -8.16155109e-01 
 2.90140000e-08 -8.22833005e-01 
 2.90640000e-08 -8.28698863e-01 
 2.91140000e-08 -8.33746896e-01 
 2.91640000e-08 -8.37972122e-01 
 2.92140000e-08 -8.41370370e-01 
 2.92640000e-08 -8.43938287e-01 
 2.93140000e-08 -8.45673339e-01 
 2.93640000e-08 -8.46573813e-01 
 2.94140000e-08 -8.46638821e-01 
 2.94640000e-08 -8.45868299e-01 
 2.95140000e-08 -8.44263007e-01 
 2.95640000e-08 -8.41824530e-01 
 2.96140000e-08 -8.38555273e-01 
 2.96640000e-08 -8.34458463e-01 
 2.97140000e-08 -8.29538144e-01 
 2.97640000e-08 -8.23799170e-01 
 2.98140000e-08 -8.17247207e-01 
 2.98640000e-08 -8.09888719e-01 
 2.99140000e-08 -8.01730968e-01 
 2.99640000e-08 -7.92782006e-01 
 3.00140000e-08 -7.83050664e-01 
 3.00640000e-08 -7.72546545e-01 
 3.01140000e-08 -7.61280017e-01 
 3.01640000e-08 -7.49262196e-01 
 3.02140000e-08 -7.36504945e-01 
 3.02640000e-08 -7.23020852e-01 
 3.03140000e-08 -7.08823224e-01 
 3.03640000e-08 -6.93926074e-01 
 3.04140000e-08 -6.78344102e-01 
 3.04640000e-08 -6.62092687e-01 
 3.05140000e-08 -6.45187866e-01 
 3.05640000e-08 -6.27646323e-01 
 3.06140000e-08 -6.09485368e-01 
 3.06640000e-08 -5.90722925e-01 
 3.07140000e-08 -5.71377510e-01 
 3.07640000e-08 -5.51468214e-01 
 3.08140000e-08 -5.31014686e-01 
 3.08640000e-08 -5.10037110e-01 
 3.09140000e-08 -4.88556189e-01 
 3.09640000e-08 -4.66593122e-01 
 3.10140000e-08 -4.44169585e-01 
 3.10640000e-08 -4.21307705e-01 
 3.11140000e-08 -3.98030045e-01 
 3.11640000e-08 -3.74359578e-01 
 3.12140000e-08 -3.50319664e-01 
 3.12640000e-08 -3.25934026e-01 
 3.13140000e-08 -3.01226730e-01 
 3.13640000e-08 -2.76222160e-01 
 3.14140000e-08 -2.50944992e-01 
 3.14640000e-08 -2.25420172e-01 
 3.15140000e-08 -1.99672889e-01 
 3.15640000e-08 -1.73728554e-01 
 3.16140000e-08 -1.47612769e-01 
 3.16640000e-08 -1.21351308e-01 
 3.17140000e-08 -9.49700878e-02 
 3.17640000e-08 -6.84951438e-02 
 3.18140000e-08 -4.19526034e-02 
 3.18640000e-08 -1.53686608e-02 
 3.19140000e-08  1.12304488e-02 
 3.19640000e-08  3.78184753e-02 
 3.20140000e-08  6.43691795e-02 
 3.20640000e-08  9.08563591e-02 
 3.21140000e-08  1.17253874e-01 
 3.21640000e-08  1.43535674e-01 
 3.22140000e-08  1.69675822e-01 
 3.22640000e-08  1.95648520e-01 
 3.23140000e-08  2.21428136e-01 
 3.23640000e-08  2.46989230e-01 
 3.24140000e-08  2.72306575e-01 
 3.24640000e-08  2.97355187e-01 
 3.25140000e-08  3.22110345e-01 
 3.25640000e-08  3.46547618e-01 
 3.26140000e-08  3.70642891e-01 
 3.26640000e-08  3.94372385e-01 
 3.27140000e-08  4.17712680e-01 
 3.27640000e-08  4.40640743e-01 
 3.28140000e-08  4.63133948e-01 
 3.28640000e-08  4.85170094e-01 
 3.29140000e-08  5.06727437e-01 
 3.29640000e-08  5.27784701e-01 
 3.30140000e-08  5.48321105e-01 
 3.30640000e-08  5.68316382e-01 
 3.31140000e-08  5.87750800e-01 
 3.31640000e-08  6.06605178e-01 
 3.32140000e-08  6.24860911e-01 
 3.32640000e-08  6.42499981e-01 
 3.33140000e-08  6.59504981e-01 
 3.33640000e-08  6.75859130e-01 
 3.34140000e-08  6.91546287e-01 
 3.34640000e-08  7.06550971e-01 
 3.35140000e-08  7.20858375e-01 
 3.35640000e-08  7.34454379e-01 
 3.36140000e-08  7.47325565e-01 
 3.36640000e-08  7.59459230e-01 
 3.37140000e-08  7.70843402e-01 
 3.37640000e-08  7.81466844e-01 
 3.38140000e-08  7.91319072e-01 
 3.38640000e-08  8.00390364e-01 
 3.39140000e-08  8.08671767e-01 
 3.39640000e-08  8.16155109e-01 
 3.40140000e-08  8.22833005e-01 
 3.40640000e-08  8.28698863e-01 
 3.41140000e-08  8.33746896e-01 
 3.41640000e-08  8.37972122e-01 
 3.42140000e-08  8.41370370e-01 
 3.42640000e-08  8.43938287e-01 
 3.43140000e-08  8.45673339e-01 
 3.43640000e-08  8.46573813e-01 
 3.44140000e-08  8.46638821e-01 
 3.44640000e-08  8.45868299e-01 
 3.45140000e-08  8.44263007e-01 
 3.45640000e-08  8.41824530e-01 
 3.46140000e-08  8.38555273e-01 
 3.46640000e-08  8.34458463e-01 
 3.47140000e-08  8.29538144e-01 
 3.47640000e-08  8.23799170e-01 
 3.48140000e-08  8.17247207e-01 
 3.48640000e-08  8.09888719e-01 
 3.49140000e-08  8.01730968e-01 
 3.49640000e-08  7.92782006e-01 
 3.50140000e-08  7.83050664e-01 
 3.50640000e-08  7.72546545e-01 
 3.51140000e-08  7.61280017e-01 
 3.51640000e-08  7.49262196e-01 
 3.52140000e-08  7.36504945e-01 
 3.52640000e-08  7.23020852e-01 
 3.53140000e-08  7.08823224e-01 
 3.53640000e-08  6.93926074e-01 
 3.54140000e-08  6.78344102e-01 
 3.54640000e-08  6.62092687e-01 
 3.55140000e-08  6.45187866e-01 
 3.55640000e-08  6.27646323e-01 
 3.56140000e-08  6.09485368e-01 
 3.56640000e-08  5.90722925e-01 
 3.57140000e-08  5.71377510e-01 
 3.57640000e-08  5.51468214e-01 
 3.58140000e-08  5.31014686e-01 
 3.58640000e-08  5.10037110e-01 
 3.59140000e-08  4.88556189e-01 
 3.59640000e-08  4.66593122e-01 
 3.60140000e-08  4.44169585e-01 
 3.60640000e-08  4.21307705e-01 
 3.61140000e-08  3.98030045e-01 
 3.61640000e-08  3.74359578e-01 
 3.62140000e-08  3.50319664e-01 
 3.62640000e-08  3.25934026e-01 
 3.63140000e-08  3.01226730e-01 
 3.63640000e-08  2.76222160e-01 
 3.64140000e-08  2.50944992e-01 
 3.64640000e-08  2.25420172e-01 
 3.65140000e-08  1.99672889e-01 
 3.65640000e-08  1.73728554e-01 
 3.66140000e-08  1.47612769e-01 
 3.66640000e-08  1.21351308e-01 
 3.67140000e-08  9.49700878e-02 
 3.67640000e-08  6.84951438e-02 
 3.68140000e-08  4.19526034e-02 
 3.68640000e-08  1.53686608e-02 
 3.69140000e-08 -1.12304488e-02 
 3.69640000e-08 -3.78184753e-02 
 3.70140000e-08 -6.43691795e-02 
 3.70640000e-08 -9.08563591e-02 
 3.71140000e-08 -1.17253874e-01 
 3.71640000e-08 -1.43535674e-01 
 3.72140000e-08 -1.69675822e-01 
 3.72640000e-08 -1.95648520e-01 
 3.73140000e-08 -2.21428136e-01 
 3.73640000e-08 -2.46989230e-01 
 3.74140000e-08 -2.72306575e-01 
 3.74640000e-08 -2.97355187e-01 
 3.75140000e-08 -3.22110345e-01 
 3.75640000e-08 -3.46547618e-01 
 3.76140000e-08 -3.70642891e-01 
 3.76640000e-08 -3.94372385e-01 
 3.77140000e-08 -4.17712680e-01 
 3.77640000e-08 -4.40640743e-01 
 3.78140000e-08 -4.63133948e-01 
 3.78640000e-08 -4.85170094e-01 
 3.79140000e-08 -5.06727437e-01 
 3.79640000e-08 -5.27784701e-01 
 3.80140000e-08 -5.48321105e-01 
 3.80640000e-08 -5.68316382e-01 
 3.81140000e-08 -5.87750800e-01 
 3.81640000e-08 -6.06605178e-01 
 3.82140000e-08 -6.24860911e-01 
 3.82640000e-08 -6.42499981e-01 
 3.83140000e-08 -6.59504981e-01 
 3.83640000e-08 -6.75859130e-01 
 3.84140000e-08 -6.91546287e-01 
 3.84640000e-08 -7.06550971e-01 
 3.85140000e-08 -7.20858375e-01 
 3.85640000e-08 -7.34454379e-01 
 3.86140000e-08 -7.47325565e-01 
 3.86640000e-08 -7.59459230e-01 
 3.87140000e-08 -7.70843402e-01 
 3.87640000e-08 -7.81466844e-01 
 3.88140000e-08 -7.91319072e-01 
 3.88640000e-08 -8.00390364e-01 
 3.89140000e-08 -8.08671767e-01 
 3.89640000e-08 -8.16155109e-01 
 3.90140000e-08 -8.22833005e-01 
 3.90640000e-08 -8.28698863e-01 
 3.91140000e-08 -8.33746896e-01 
 3.91640000e-08 -8.37972122e-01 
 3.92140000e-08 -8.41370370e-01 
 3.92640000e-08 -8.43938287e-01 
 3.93140000e-08 -8.45673339e-01 
 3.93640000e-08 -8.46573813e-01 
 3.94140000e-08 -8.46638821e-01 
 3.94640000e-08 -8.45868299e-01 
 3.95140000e-08 -8.44263007e-01 
 3.95640000e-08 -8.41824530e-01 
 3.96140000e-08 -8.38555273e-01 
 3.96640000e-08 -8.34458463e-01 
 3.97140000e-08 -8.29538144e-01 
 3.97640000e-08 -8.23799170e-01 
 3.98140000e-08 -8.17247207e-01 
 3.98640000e-08 -8.09888719e-01 
 3.99140000e-08 -8.01730968e-01 
 3.99640000e-08 -7.92782006e-01 
 4.00140000e-08 -7.83050664e-01 
 4.00640000e-08 -7.72546545e-01 
 4.01140000e-08 -7.61280017e-01 
 4.01640000e-08 -7.49262196e-01 
 4.02140000e-08 -7.36504945e-01 
 4.02640000e-08 -7.23020852e-01 
 4.03140000e-08 -7.08823224e-01 
 4.03640000e-08 -6.93926074e-01 
 4.04140000e-08 -6.78344102e-01 
 4.04640000e-08 -6.62092687e-01 
 4.05140000e-08 -6.45187866e-01 
 4.05640000e-08 -6.27646323e-01 
 4.06140000e-08 -6.09485368e-01 
 4.06640000e-08 -5.90722925e-01 
 4.07140000e-08 -5.71377510e-01 
 4.07640000e-08 -5.51468214e-01 
 4.08140000e-08 -5.31014686e-01 
 4.08640000e-08 -5.10037110e-01 
 4.09140000e-08 -4.88556189e-01 
 4.09640000e-08 -4.66593122e-01 
 4.10140000e-08 -4.44169585e-01 
 4.10640000e-08 -4.21307705e-01 
 4.11140000e-08 -3.98030045e-01 
 4.11640000e-08 -3.74359578e-01 
 4.12140000e-08 -3.50319664e-01 
 4.12640000e-08 -3.25934026e-01 
 4.13140000e-08 -3.01226730e-01 
 4.13640000e-08 -2.76222160e-01 
 4.14140000e-08 -2.50944992e-01 
 4.14640000e-08 -2.25420172e-01 
 4.15140000e-08 -1.99672889e-01 
 4.15640000e-08 -1.73728554e-01 
 4.16140000e-08 -1.47612769e-01 
 4.16640000e-08 -1.21351308e-01 
 4.17140000e-08 -9.49700878e-02 
 4.17640000e-08 -6.84951438e-02 
 4.18140000e-08 -4.19526034e-02 
 4.18640000e-08 -1.53686608e-02 
 4.19140000e-08  1.12304488e-02 
 4.19640000e-08  3.78184753e-02 
 4.20140000e-08  6.43691795e-02 
 4.20640000e-08  9.08563591e-02 
 4.21140000e-08  1.17253874e-01 
 4.21640000e-08  1.43535674e-01 
 4.22140000e-08  1.69675822e-01 
 4.22640000e-08  1.95648520e-01 
 4.23140000e-08  2.21428136e-01 
 4.23640000e-08  2.46989230e-01 
 4.24140000e-08  2.72306575e-01 
 4.24640000e-08  2.97355187e-01 
 4.25140000e-08  3.22110345e-01 
 4.25640000e-08  3.46547618e-01 
 4.26140000e-08  3.70642891e-01 
 4.26640000e-08  3.94372385e-01 
 4.27140000e-08  4.17712680e-01 
 4.27640000e-08  4.40640743e-01 
 4.28140000e-08  4.63133948e-01 
 4.28640000e-08  4.85170094e-01 
 4.29140000e-08  5.06727437e-01 
 4.29640000e-08  5.27784701e-01 
 4.30140000e-08  5.48321105e-01 
 4.30640000e-08  5.68316382e-01 
 4.31140000e-08  5.87750800e-01 
 4.31640000e-08  6.06605178e-01 
 4.32140000e-08  6.24860911e-01 
 4.32640000e-08  6.42499981e-01 
 4.33140000e-08  6.59504981e-01 
 4.33640000e-08  6.75859130e-01 
 4.34140000e-08  6.91546287e-01 
 4.34640000e-08  7.06550971e-01 
 4.35140000e-08  7.20858375e-01 
 4.35640000e-08  7.34454379e-01 
 4.36140000e-08  7.47325565e-01 
 4.36640000e-08  7.59459230e-01 
 4.37140000e-08  7.70843402e-01 
 4.37640000e-08  7.81466844e-01 
 4.38140000e-08  7.91319072e-01 
 4.38640000e-08  8.00390364e-01 
 4.39140000e-08  8.08671767e-01 
 4.39640000e-08  8.16155109e-01 
 4.40140000e-08  8.22833005e-01 
 4.40640000e-08  8.28698863e-01 
 4.41140000e-08  8.33746896e-01 
 4.41640000e-08  8.37972122e-01 
 4.42140000e-08  8.41370370e-01 
 4.42640000e-08  8.43938287e-01 
 4.43140000e-08  8.45673339e-01 
 4.43640000e-08  8.46573813e-01 
 4.44140000e-08  8.46638821e-01 
 4.44640000e-08  8.45868299e-01 
 4.45140000e-08  8.44263007e-01 
 4.45640000e-08  8.41824530e-01 
 4.46140000e-08  8.38555273e-01 
 4.46640000e-08  8.34458463e-01 
 4.47140000e-08  8.29538144e-01 
 4.47640000e-08  8.23799170e-01 
 4.48140000e-08  8.17247207e-01 
 4.48640000e-08  8.09888719e-01 
 4.49140000e-08  8.01730968e-01 
 4.49640000e-08  7.92782006e-01 
 4.50140000e-08  7.83050664e-01 
 4.50640000e-08  7.72546545e-01 
 4.51140000e-08  7.61280017e-01 
 4.51640000e-08  7.49262196e-01 
 4.52140000e-08  7.36504945e-01 
 4.52640000e-08  7.23020852e-01 
 4.53140000e-08  7.08823224e-01 
 4.53640000e-08  6.93926074e-01 
 4.54140000e-08  6.78344102e-01 
 4.54640000e-08  6.62092687e-01 
 4.55140000e-08  6.45187866e-01 
 4.55640000e-08  6.27646323e-01 
 4.56140000e-08  6.09485368e-01 
 4.56640000e-08  5.90722925e-01 
 4.57140000e-08  5.71377510e-01 
 4.57640000e-08  5.51468214e-01 
 4.58140000e-08  5.31014686e-01 
 4.58640000e-08  5.10037110e-01 
 4.59140000e-08  4.88556189e-01 
 4.59640000e-08  4.66593122e-01 
 4.60140000e-08  4.44169585e-01 
 4.60640000e-08  4.21307705e-01 
 4.61140000e-08  3.98030045e-01 
 4.61640000e-08  3.74359578e-01 
 4.62140000e-08  3.50319664e-01 
 4.62640000e-08  3.25934026e-01 
 4.63140000e-08  3.01226730e-01 
 4.63640000e-08  2.76222160e-01 
 4.64140000e-08  2.50944992e-01 
 4.64640000e-08  2.25420172e-01 
 4.65140000e-08  1.99672889e-01 
 4.65640000e-08  1.73728554e-01 
 4.66140000e-08  1.47612769e-01 
 4.66640000e-08  1.21351308e-01 
 4.67140000e-08  9.49700878e-02 
 4.67640000e-08  6.84951438e-02 
 4.68140000e-08  4.19526034e-02 
 4.68640000e-08  1.53686608e-02 
 4.69140000e-08 -1.12304488e-02 
 4.69640000e-08 -3.78184753e-02 
 4.70140000e-08 -6.43691795e-02 
 4.70640000e-08 -9.08563591e-02 
 4.71140000e-08 -1.17253874e-01 
 4.71640000e-08 -1.43535674e-01 
 4.72140000e-08 -1.69675822e-01 
 4.72640000e-08 -1.95648520e-01 
 4.73140000e-08 -2.21428136e-01 
 4.73640000e-08 -2.46989230e-01 
 4.74140000e-08 -2.72306575e-01 
 4.74640000e-08 -2.97355187e-01 
 4.75140000e-08 -3.22110345e-01 
 4.75640000e-08 -3.46547618e-01 
 4.76140000e-08 -3.70642891e-01 
 4.76640000e-08 -3.94372385e-01 
 4.77140000e-08 -4.17712680e-01 
 4.77640000e-08 -4.40640743e-01 
 4.78140000e-08 -4.63133948e-01 
 4.78640000e-08 -4.85170094e-01 
 4.79140000e-08 -5.06727437e-01 
 4.79640000e-08 -5.27784701e-01 
 4.80140000e-08 -5.48321105e-01 
 4.80640000e-08 -5.68316382e-01 
 4.81140000e-08 -5.87750800e-01 
 4.81640000e-08 -6.06605178e-01 
 4.82140000e-08 -6.24860911e-01 
 4.82640000e-08 -6.42499981e-01 
 4.83140000e-08 -6.59504981e-01 
 4.83640000e-08 -6.75859130e-01 
 4.84140000e-08 -6.91546287e-01 
 4.84640000e-08 -7.06550971e-01 
 4.85140000e-08 -7.20858375e-01 
 4.85640000e-08 -7.34454379e-01 
 4.86140000e-08 -7.47325565e-01 
 4.86640000e-08 -7.59459230e-01 
 4.87140000e-08 -7.70843402e-01 
 4.87640000e-08 -7.81466844e-01 
 4.88140000e-08 -7.91319072e-01 
 4.88640000e-08 -8.00390364e-01 
 4.89140000e-08 -8.08671767e-01 
 4.89640000e-08 -8.16155109e-01 
 4.90140000e-08 -8.22833005e-01 
 4.90640000e-08 -8.28698863e-01 
 4.91140000e-08 -8.33746896e-01 
 4.91640000e-08 -8.37972122e-01 
 4.92140000e-08 -8.41370370e-01 
 4.92640000e-08 -8.43938287e-01 
 4.93140000e-08 -8.45673339e-01 
 4.93640000e-08 -8.46573813e-01 
 4.94140000e-08 -8.46638821e-01 
 4.94640000e-08 -8.45868299e-01 
 4.95140000e-08 -8.44263007e-01 
 4.95640000e-08 -8.41824530e-01 
 4.96140000e-08 -8.38555273e-01 
 4.96640000e-08 -8.34458463e-01 
 4.97140000e-08 -8.29538144e-01 
 4.97640000e-08 -8.23799170e-01 
 4.98140000e-08 -8.17247207e-01 
 4.98640000e-08 -8.09888719e-01 
 4.99140000e-08 -8.01730968e-01 
 4.99640000e-08 -7.92782006e-01 
 5.00000000e-08 -7.85853493e-01 
