 0.00000000e+00 -1.78571429e-01
 1.00000000e-13 -1.78571429e-01
 2.00000000e-13 -1.78571429e-01 
 4.00000000e-13 -1.78571429e-01 
 8.00000000e-13 -1.78571429e-01
 1.60000000e-12 -1.78571429e-01 
 3.20000000e-12 -1.78571429e-01 
 6.40000000e-12 -1.78571429e-01 
 1.00000000e-11 -1.78571429e-01 
 1.06400000e-11 -1.78571429e-01 
 1.19200000e-11 -1.78571429e-01
 1.44800000e-11 -1.78571429e-01 
 1.96000000e-11 -1.78571429e-01
 2.00000000e-11 -1.78571429e-01 
 2.08000000e-11 -1.81428571e-01 
 2.24000000e-11 -1.87142857e-01 
 2.56000000e-11 -1.98571429e-01 
 3.20000000e-11 -2.21428571e-01 
 4.00000000e-11 -2.50000000e-01 
 4.12800000e-11 -2.47714286e-01 
 4.38400000e-11 -2.43142857e-01 
 4.89600000e-11 -2.34000000e-01 
 5.92000000e-11 -2.15714286e-01 
 7.96800000e-11 -1.79142857e-01 
 8.00000000e-11 -1.78571429e-01 
 8.06400000e-11 -1.79142857e-01 
 8.19200000e-11 -1.80285714e-01 
 8.44800000e-11 -1.82571429e-01 
 8.96000000e-11 -1.87142857e-01 
 9.98400000e-11 -1.96285714e-01 
 1.20320000e-10 -2.14571429e-01 
 1.60000000e-10 -2.50000000e-01 
 1.64096000e-10 -2.48171429e-01 
 1.72288000e-10 -2.44514286e-01 
 1.88672000e-10 -2.37200000e-01 
 2.21440000e-10 -2.22571429e-01 
 2.71440000e-10 -2.00250000e-01 
 3.20000000e-10 -1.78571429e-01 
 3.25000000e-10 -1.79687500e-01 
 3.35000000e-10 -1.81919643e-01 
 3.55000000e-10 -1.86383929e-01 
 3.95000000e-10 -1.95312500e-01 
 4.45000000e-10 -2.06473214e-01 
 4.95000000e-10 -2.17633929e-01 
 5.45000000e-10 -2.28794643e-01 
 5.95000000e-10 -2.39955357e-01 
 6.40000000e-10 -2.50000000e-01 
 6.45000000e-10 -2.48949580e-01 
 6.55000000e-10 -2.46848739e-01 
 6.75000000e-10 -2.42647059e-01 
 7.15000000e-10 -2.34243697e-01 
 7.65000000e-10 -2.23739496e-01 
 8.15000000e-10 -2.13235294e-01 
 8.65000000e-10 -2.02731092e-01 
 9.15000000e-10 -1.92226891e-01 
 9.65000000e-10 -1.81722689e-01 
 9.80000000e-10 -1.78571429e-01 
 9.85000000e-10 -1.75824176e-01 
 9.95000000e-10 -1.70329670e-01 
 1.01500000e-09 -1.59340659e-01 
 1.05500000e-09 -1.37362637e-01 
 1.10500000e-09 -1.09890110e-01 
 1.15500000e-09 -8.24175824e-02 
 1.20500000e-09 -5.49450549e-02 
 1.25500000e-09 -2.74725275e-02 
 1.30500000e-09  1.66533454e-16 
 1.35500000e-09  2.74725275e-02 
 1.37000000e-09  3.57142857e-02 
 1.37500000e-09  3.47222222e-02 
 1.38500000e-09  3.27380952e-02 
 1.40500000e-09  2.87698413e-02 
 1.44500000e-09  2.08333333e-02 
 1.49500000e-09  1.09126984e-02 
 1.54500000e-09  9.92063492e-04 
 1.59500000e-09 -8.92857143e-03 
 1.64500000e-09 -1.88492063e-02 
 1.69500000e-09 -2.87698413e-02 
 1.73000000e-09 -3.57142857e-02 
 1.73500000e-09 -3.46153846e-02 
 1.74500000e-09 -3.24175824e-02 
 1.76500000e-09 -2.80219780e-02 
 1.80500000e-09 -1.92307692e-02 
 1.85500000e-09 -8.24175824e-03 
 1.90500000e-09  2.74725275e-03 
 1.95500000e-09  1.37362637e-02 
 2.00500000e-09  2.47252747e-02 
 2.05500000e-09  3.57142857e-02 
 2.10500000e-09  4.67032967e-02 
 2.15500000e-09  5.76923077e-02 
 2.20500000e-09  6.86813187e-02 
 2.25500000e-09  7.96703297e-02 
 2.30500000e-09  9.06593407e-02 
 2.35500000e-09  1.01648352e-01 
 2.38000000e-09  1.07142857e-01 
 2.38500000e-09  1.08047016e-01 
 2.39500000e-09  1.09855335e-01 
 2.41500000e-09  1.13471971e-01 
 2.45500000e-09  1.20705244e-01 
 2.50500000e-09  1.29746835e-01 
 2.55500000e-09  1.38788427e-01 
 2.60500000e-09  1.47830018e-01 
 2.65500000e-09  1.56871609e-01 
 2.70500000e-09  1.65913201e-01 
 2.75500000e-09  1.74954792e-01 
 2.80500000e-09  1.83996383e-01 
 2.85500000e-09  1.93037975e-01 
 2.90500000e-09  2.02079566e-01 
 2.95500000e-09  2.11121157e-01 
 3.00500000e-09  2.20162749e-01 
 3.05500000e-09  2.29204340e-01 
 3.10500000e-09  2.38245931e-01 
 3.15500000e-09  2.47287523e-01 
 3.17000000e-09  2.50000000e-01 
 3.17500000e-09  2.50000000e-01 
 3.18500000e-09  2.50000000e-01 
 3.20500000e-09  2.50000000e-01 
 3.24500000e-09  2.50000000e-01 
 3.29500000e-09  2.50000000e-01 
 3.34500000e-09  2.50000000e-01 
 3.39500000e-09  2.50000000e-01 
 3.44500000e-09  2.50000000e-01 
 3.49500000e-09  2.50000000e-01 
 3.54500000e-09  2.50000000e-01 
 3.59500000e-09  2.50000000e-01 
 3.64500000e-09  2.50000000e-01 
 3.69500000e-09  2.50000000e-01 
 3.74500000e-09  2.50000000e-01 
 3.79500000e-09  2.50000000e-01 
 3.84500000e-09  2.50000000e-01 
 3.89500000e-09  2.50000000e-01 
 3.94500000e-09  2.50000000e-01 
 3.99500000e-09  2.50000000e-01 
 4.04500000e-09  2.50000000e-01 
 4.09500000e-09  2.50000000e-01 
 4.14500000e-09  2.50000000e-01 
 4.17000000e-09  2.50000000e-01 
 4.17500000e-09  2.50000000e-01 
 4.18500000e-09  2.50000000e-01 
 4.20500000e-09  2.50000000e-01 
 4.24500000e-09  2.50000000e-01 
 4.29500000e-09  2.50000000e-01 
 4.34500000e-09  2.50000000e-01 
 4.39500000e-09  2.50000000e-01 
 4.44500000e-09  2.50000000e-01 
 4.49500000e-09  2.50000000e-01 
 4.54500000e-09  2.50000000e-01 
 4.59500000e-09  2.50000000e-01 
 4.64500000e-09  2.50000000e-01 
 4.69500000e-09  2.50000000e-01 
 4.74500000e-09  2.50000000e-01 
 4.79500000e-09  2.50000000e-01 
 4.84500000e-09  2.50000000e-01 
 4.89500000e-09  2.50000000e-01 
 4.94500000e-09  2.50000000e-01 
 4.99500000e-09  2.50000000e-01 
 5.04500000e-09  2.50000000e-01 
 5.09500000e-09  2.50000000e-01 
 5.14500000e-09  2.50000000e-01 
 5.17000000e-09  2.50000000e-01 
 5.17500000e-09  2.49285714e-01 
 5.18500000e-09  2.47857143e-01 
 5.20500000e-09  2.45000000e-01 
 5.24500000e-09  2.39285714e-01 
 5.29500000e-09  2.32142857e-01 
 5.34500000e-09  2.25000000e-01 
 5.39500000e-09  2.17857143e-01 
 5.44500000e-09  2.10714286e-01 
 5.49500000e-09  2.03571429e-01 
 5.54500000e-09  1.96428571e-01 
 5.59500000e-09  1.89285714e-01 
 5.64500000e-09  1.82142857e-01 
 5.69500000e-09  1.75000000e-01 
 5.74500000e-09  1.67857143e-01 
 5.79500000e-09  1.60714286e-01 
 5.84500000e-09  1.53571429e-01 
 5.89500000e-09  1.46428571e-01 
 5.94500000e-09  1.39285714e-01 
 5.99500000e-09  1.32142857e-01 
 6.04500000e-09  1.25000000e-01 
 6.09500000e-09  1.17857143e-01 
 6.14500000e-09  1.10714286e-01 
 6.17000000e-09  1.07142857e-01 
 6.17500000e-09  1.05714286e-01 
 6.18500000e-09  1.02857143e-01 
 6.20500000e-09  9.71428571e-02 
 6.24500000e-09  8.57142857e-02 
 6.29500000e-09  7.14285714e-02 
 6.34500000e-09  5.71428571e-02 
 6.39500000e-09  4.28571429e-02 
 6.44500000e-09  2.85714286e-02 
 6.49500000e-09  1.42857143e-02 
 6.54500000e-09  6.80011603e-16 
 6.59500000e-09 -1.42857143e-02 
 6.64500000e-09 -2.85714286e-02 
 6.69500000e-09 -4.28571429e-02 
 6.74500000e-09 -5.71428571e-02 
 6.79500000e-09 -7.14285714e-02 
 6.84500000e-09 -8.57142857e-02 
 6.89500000e-09 -1.00000000e-01 
 6.94500000e-09 -1.14285714e-01 
 6.99500000e-09 -1.28571429e-01 
 7.04500000e-09 -1.42857143e-01 
 7.09500000e-09 -1.57142857e-01 
 7.14500000e-09 -1.71428571e-01 
 7.17000000e-09 -1.78571429e-01 
 7.17500000e-09 -1.78571429e-01 
 7.18500000e-09 -1.78571429e-01 
 7.20500000e-09 -1.78571429e-01 
 7.24500000e-09 -1.78571429e-01 
 7.29500000e-09 -1.78571429e-01 
 7.34500000e-09 -1.78571429e-01 
 7.39500000e-09 -1.78571429e-01 
 7.44500000e-09 -1.78571429e-01 
 7.49500000e-09 -1.78571429e-01 
 7.54500000e-09 -1.78571429e-01 
 7.59500000e-09 -1.78571429e-01 
 7.64500000e-09 -1.78571429e-01 
 7.69500000e-09 -1.78571429e-01 
 7.74500000e-09 -1.78571429e-01 
 7.79500000e-09 -1.78571429e-01 
 7.84500000e-09 -1.78571429e-01 
 7.89500000e-09 -1.78571429e-01 
 7.94500000e-09 -1.78571429e-01 
 7.99500000e-09 -1.78571429e-01 
 8.04500000e-09 -1.78571429e-01 
 8.09500000e-09 -1.78571429e-01 
 8.14500000e-09 -1.78571429e-01 
 8.17000000e-09 -1.78571429e-01 
 8.17500000e-09 -1.78571429e-01 
 8.18500000e-09 -1.78571429e-01 
 8.20500000e-09 -1.78571429e-01 
 8.24500000e-09 -1.78571429e-01 
 8.29500000e-09 -1.78571429e-01 
 8.34500000e-09 -1.78571429e-01 
 8.39500000e-09 -1.78571429e-01 
 8.44500000e-09 -1.78571429e-01 
 8.49500000e-09 -1.78571429e-01 
 8.54500000e-09 -1.78571429e-01 
 8.59500000e-09 -1.78571429e-01 
 8.64500000e-09 -1.78571429e-01 
 8.69500000e-09 -1.78571429e-01 
 8.74500000e-09 -1.78571429e-01 
 8.79500000e-09 -1.78571429e-01 
 8.84500000e-09 -1.78571429e-01 
 8.89500000e-09 -1.78571429e-01 
 8.94500000e-09 -1.78571429e-01 
 8.99500000e-09 -1.78571429e-01 
 9.04500000e-09 -1.78571429e-01 
 9.09500000e-09 -1.78571429e-01 
 9.14500000e-09 -1.78571429e-01 
 9.17000000e-09 -1.78571429e-01 
 9.17500000e-09 -1.78571429e-01 
 9.18500000e-09 -1.78571429e-01 
 9.20500000e-09 -1.78571429e-01 
 9.24500000e-09 -1.78571429e-01 
 9.29500000e-09 -1.78571429e-01 
 9.34500000e-09 -1.78571429e-01 
 9.39500000e-09 -1.78571429e-01 
 9.44500000e-09 -1.78571429e-01 
 9.49500000e-09 -1.78571429e-01 
 9.54500000e-09 -1.78571429e-01 
 9.59500000e-09 -1.78571429e-01 
 9.64500000e-09 -1.78571429e-01 
 9.69500000e-09 -1.78571429e-01 
 9.74500000e-09 -1.78571429e-01 
 9.79500000e-09 -1.78571429e-01 
 9.84500000e-09 -1.78571429e-01 
 9.89500000e-09 -1.78571429e-01 
 9.94500000e-09 -1.78571429e-01 
 9.99500000e-09 -1.78571429e-01 
 1.00450000e-08 -1.78571429e-01 
 1.00950000e-08 -1.78571429e-01 
 1.01450000e-08 -1.78571429e-01 
 1.01700000e-08 -1.78571429e-01 
 1.01750000e-08 -1.78571429e-01 
 1.01850000e-08 -1.78571429e-01 
 1.02050000e-08 -1.78571429e-01 
 1.02450000e-08 -1.78571429e-01 
 1.02950000e-08 -1.78571429e-01 
 1.03450000e-08 -1.78571429e-01 
 1.03950000e-08 -1.78571429e-01 
 1.04450000e-08 -1.78571429e-01 
 1.04950000e-08 -1.78571429e-01 
 1.05450000e-08 -1.78571429e-01 
 1.05950000e-08 -1.78571429e-01 
 1.06450000e-08 -1.78571429e-01 
 1.06950000e-08 -1.78571429e-01 
 1.07450000e-08 -1.78571429e-01 
 1.07950000e-08 -1.78571429e-01 
 1.08450000e-08 -1.78571429e-01 
 1.08950000e-08 -1.78571429e-01 
 1.09450000e-08 -1.78571429e-01 
 1.09950000e-08 -1.78571429e-01 
 1.10450000e-08 -1.78571429e-01 
 1.10950000e-08 -1.78571429e-01 
 1.11450000e-08 -1.78571429e-01 
 1.11700000e-08 -1.78571429e-01 
 1.11750000e-08 -1.77857143e-01 
 1.11850000e-08 -1.76428571e-01 
 1.12050000e-08 -1.73571429e-01 
 1.12450000e-08 -1.67857143e-01 
 1.12950000e-08 -1.60714286e-01 
 1.13450000e-08 -1.53571429e-01 
 1.13950000e-08 -1.46428571e-01 
 1.14450000e-08 -1.39285714e-01 
 1.14950000e-08 -1.32142857e-01 
 1.15450000e-08 -1.25000000e-01 
 1.15950000e-08 -1.17857143e-01 
 1.16450000e-08 -1.10714286e-01 
 1.16950000e-08 -1.03571429e-01 
 1.17450000e-08 -9.64285714e-02 
 1.17950000e-08 -8.92857143e-02 
 1.18450000e-08 -8.21428571e-02 
 1.18950000e-08 -7.50000000e-02 
 1.19450000e-08 -6.78571429e-02 
 1.19950000e-08 -6.07142857e-02 
 1.20450000e-08 -5.35714286e-02 
 1.20950000e-08 -4.64285714e-02 
 1.21450000e-08 -3.92857143e-02 
 1.21700000e-08 -3.57142857e-02 
 1.21750000e-08 -3.42857143e-02 
 1.21850000e-08 -3.14285714e-02 
 1.22050000e-08 -2.57142857e-02 
 1.22450000e-08 -1.42857143e-02 
 1.22950000e-08 -1.94289029e-16 
 1.23450000e-08  1.42857143e-02 
 1.23950000e-08  2.85714286e-02 
 1.24450000e-08  4.28571429e-02 
 1.24950000e-08  5.71428571e-02 
 1.25450000e-08  7.14285714e-02 
 1.25950000e-08  8.57142857e-02 
 1.26450000e-08  1.00000000e-01 
 1.26950000e-08  1.14285714e-01 
 1.27450000e-08  1.28571429e-01 
 1.27950000e-08  1.42857143e-01 
 1.28450000e-08  1.57142857e-01 
 1.28950000e-08  1.71428571e-01 
 1.29450000e-08  1.85714286e-01 
 1.29950000e-08  2.00000000e-01 
 1.30450000e-08  2.14285714e-01 
 1.30950000e-08  2.28571429e-01 
 1.31450000e-08  2.42857143e-01 
 1.31700000e-08  2.50000000e-01 
 1.31750000e-08  2.50000000e-01 
 1.31850000e-08  2.50000000e-01 
 1.32050000e-08  2.50000000e-01 
 1.32450000e-08  2.50000000e-01 
 1.32950000e-08  2.50000000e-01 
 1.33450000e-08  2.50000000e-01 
 1.33950000e-08  2.50000000e-01 
 1.34450000e-08  2.50000000e-01 
 1.34950000e-08  2.50000000e-01 
 1.35450000e-08  2.50000000e-01 
 1.35950000e-08  2.50000000e-01 
 1.36450000e-08  2.50000000e-01 
 1.36950000e-08  2.50000000e-01 
 1.37450000e-08  2.50000000e-01 
 1.37950000e-08  2.50000000e-01 
 1.38450000e-08  2.50000000e-01 
 1.38950000e-08  2.50000000e-01 
 1.39450000e-08  2.50000000e-01 
 1.39950000e-08  2.50000000e-01 
 1.40450000e-08  2.50000000e-01 
 1.40950000e-08  2.50000000e-01 
 1.41450000e-08  2.50000000e-01 
 1.41700000e-08  2.50000000e-01 
 1.41750000e-08  2.50000000e-01 
 1.41850000e-08  2.50000000e-01 
 1.42050000e-08  2.50000000e-01 
 1.42450000e-08  2.50000000e-01 
 1.42950000e-08  2.50000000e-01 
 1.43450000e-08  2.50000000e-01 
 1.43950000e-08  2.50000000e-01 
 1.44450000e-08  2.50000000e-01 
 1.44950000e-08  2.50000000e-01 
 1.45450000e-08  2.50000000e-01 
 1.45950000e-08  2.50000000e-01 
 1.46450000e-08  2.50000000e-01 
 1.46950000e-08  2.50000000e-01 
 1.47450000e-08  2.50000000e-01 
 1.47950000e-08  2.50000000e-01 
 1.48450000e-08  2.50000000e-01 
 1.48950000e-08  2.50000000e-01 
 1.49450000e-08  2.50000000e-01 
 1.49950000e-08  2.50000000e-01 
 1.50450000e-08  2.50000000e-01 
 1.50950000e-08  2.50000000e-01 
 1.51450000e-08  2.50000000e-01 
 1.51700000e-08  2.50000000e-01 
 1.51750000e-08  2.49285714e-01 
 1.51850000e-08  2.47857143e-01 
 1.52050000e-08  2.45000000e-01 
 1.52450000e-08  2.39285714e-01 
 1.52950000e-08  2.32142857e-01 
 1.53450000e-08  2.25000000e-01 
 1.53950000e-08  2.17857143e-01 
 1.54450000e-08  2.10714286e-01 
 1.54950000e-08  2.03571429e-01 
 1.55450000e-08  1.96428571e-01 
 1.55950000e-08  1.89285714e-01 
 1.56450000e-08  1.82142857e-01 
 1.56950000e-08  1.75000000e-01 
 1.57450000e-08  1.67857143e-01 
 1.57950000e-08  1.60714286e-01 
 1.58450000e-08  1.53571429e-01 
 1.58950000e-08  1.46428571e-01 
 1.59450000e-08  1.39285714e-01 
 1.59950000e-08  1.32142857e-01 
 1.60450000e-08  1.25000000e-01 
 1.60950000e-08  1.17857143e-01 
 1.61450000e-08  1.10714286e-01 
 1.61700000e-08  1.07142857e-01 
 1.61750000e-08  1.05714286e-01 
 1.61850000e-08  1.02857143e-01 
 1.62050000e-08  9.71428571e-02 
 1.62450000e-08  8.57142857e-02 
 1.62950000e-08  7.14285714e-02 
 1.63450000e-08  5.71428571e-02 
 1.63950000e-08  4.28571429e-02 
 1.64450000e-08  2.85714286e-02 
 1.64950000e-08  1.42857143e-02 
 1.65450000e-08 -5.96744876e-16 
 1.65950000e-08 -1.42857143e-02 
 1.66450000e-08 -2.85714286e-02 
 1.66950000e-08 -4.28571429e-02 
 1.67450000e-08 -5.71428571e-02 
 1.67950000e-08 -7.14285714e-02 
 1.68450000e-08 -8.57142857e-02 
 1.68950000e-08 -1.00000000e-01 
 1.69450000e-08 -1.14285714e-01 
 1.69950000e-08 -1.28571429e-01 
 1.70450000e-08 -1.42857143e-01 
 1.70950000e-08 -1.57142857e-01 
 1.71450000e-08 -1.71428571e-01 
 1.71700000e-08 -1.78571429e-01 
 1.71750000e-08 -1.78571429e-01 
 1.71850000e-08 -1.78571429e-01 
 1.72050000e-08 -1.78571429e-01 
 1.72450000e-08 -1.78571429e-01 
 1.72950000e-08 -1.78571429e-01 
 1.73450000e-08 -1.78571429e-01 
 1.73950000e-08 -1.78571429e-01 
 1.74450000e-08 -1.78571429e-01 
 1.74950000e-08 -1.78571429e-01 
 1.75450000e-08 -1.78571429e-01 
 1.75950000e-08 -1.78571429e-01 
 1.76450000e-08 -1.78571429e-01 
 1.76950000e-08 -1.78571429e-01 
 1.77450000e-08 -1.78571429e-01 
 1.77950000e-08 -1.78571429e-01 
 1.78450000e-08 -1.78571429e-01 
 1.78950000e-08 -1.78571429e-01 
 1.79450000e-08 -1.78571429e-01 
 1.79950000e-08 -1.78571429e-01 
 1.80450000e-08 -1.78571429e-01 
 1.80950000e-08 -1.78571429e-01 
 1.81450000e-08 -1.78571429e-01 
 1.81700000e-08 -1.78571429e-01 
 1.81750000e-08 -1.78571429e-01 
 1.81850000e-08 -1.78571429e-01 
 1.82050000e-08 -1.78571429e-01 
 1.82450000e-08 -1.78571429e-01 
 1.82950000e-08 -1.78571429e-01 
 1.83450000e-08 -1.78571429e-01 
 1.83950000e-08 -1.78571429e-01 
 1.84450000e-08 -1.78571429e-01 
 1.84950000e-08 -1.78571429e-01 
 1.85450000e-08 -1.78571429e-01 
 1.85950000e-08 -1.78571429e-01 
 1.86450000e-08 -1.78571429e-01 
 1.86950000e-08 -1.78571429e-01 
 1.87450000e-08 -1.78571429e-01 
 1.87950000e-08 -1.78571429e-01 
 1.88450000e-08 -1.78571429e-01 
 1.88950000e-08 -1.78571429e-01 
 1.89450000e-08 -1.78571429e-01 
 1.89950000e-08 -1.78571429e-01 
 1.90450000e-08 -1.78571429e-01 
 1.90950000e-08 -1.78571429e-01 
 1.91450000e-08 -1.78571429e-01 
 1.91700000e-08 -1.78571429e-01 
 1.91750000e-08 -1.78571429e-01 
 1.91850000e-08 -1.78571429e-01 
 1.92050000e-08 -1.78571429e-01 
 1.92450000e-08 -1.78571429e-01 
 1.92950000e-08 -1.78571429e-01 
 1.93450000e-08 -1.78571429e-01 
 1.93950000e-08 -1.78571429e-01 
 1.94450000e-08 -1.78571429e-01 
 1.94950000e-08 -1.78571429e-01 
 1.95450000e-08 -1.78571429e-01 
 1.95950000e-08 -1.78571429e-01 
 1.96450000e-08 -1.78571429e-01 
 1.96950000e-08 -1.78571429e-01 
 1.97450000e-08 -1.78571429e-01 
 1.97950000e-08 -1.78571429e-01 
 1.98450000e-08 -1.78571429e-01 
 1.98950000e-08 -1.78571429e-01 
 1.99450000e-08 -1.78571429e-01 
 1.99950000e-08 -1.78571429e-01 
 2.00450000e-08 -1.78571429e-01 
 2.00950000e-08 -1.78571429e-01 
 2.01450000e-08 -1.78571429e-01 
 2.01700000e-08 -1.78571429e-01 
 2.01750000e-08 -1.78571429e-01 
 2.01850000e-08 -1.78571429e-01 
 2.02050000e-08 -1.78571429e-01 
 2.02450000e-08 -1.78571429e-01 
 2.02950000e-08 -1.78571429e-01 
 2.03450000e-08 -1.78571429e-01 
 2.03950000e-08 -1.78571429e-01 
 2.04450000e-08 -1.78571429e-01 
 2.04950000e-08 -1.78571429e-01 
 2.05450000e-08 -1.78571429e-01 
 2.05950000e-08 -1.78571429e-01 
 2.06450000e-08 -1.78571429e-01 
 2.06950000e-08 -1.78571429e-01 
 2.07450000e-08 -1.78571429e-01 
 2.07950000e-08 -1.78571429e-01 
 2.08450000e-08 -1.78571429e-01 
 2.08950000e-08 -1.78571429e-01 
 2.09450000e-08 -1.78571429e-01 
 2.09950000e-08 -1.78571429e-01 
 2.10450000e-08 -1.78571429e-01 
 2.10950000e-08 -1.78571429e-01 
 2.11450000e-08 -1.78571429e-01 
 2.11700000e-08 -1.78571429e-01 
 2.11750000e-08 -1.77857143e-01 
 2.11850000e-08 -1.76428571e-01 
 2.12050000e-08 -1.73571429e-01 
 2.12450000e-08 -1.67857143e-01 
 2.12950000e-08 -1.60714286e-01 
 2.13450000e-08 -1.53571429e-01 
 2.13950000e-08 -1.46428571e-01 
 2.14450000e-08 -1.39285714e-01 
 2.14950000e-08 -1.32142857e-01 
 2.15450000e-08 -1.25000000e-01 
 2.15950000e-08 -1.17857143e-01 
 2.16450000e-08 -1.10714286e-01 
 2.16950000e-08 -1.03571429e-01 
 2.17450000e-08 -9.64285714e-02 
 2.17950000e-08 -8.92857143e-02 
 2.18450000e-08 -8.21428571e-02 
 2.18950000e-08 -7.50000000e-02 
 2.19450000e-08 -6.78571429e-02 
 2.19950000e-08 -6.07142857e-02 
 2.20450000e-08 -5.35714286e-02 
 2.20950000e-08 -4.64285714e-02 
 2.21450000e-08 -3.92857143e-02 
 2.21700000e-08 -3.57142857e-02 
 2.21750000e-08 -3.42857143e-02 
 2.21850000e-08 -3.14285714e-02 
 2.22050000e-08 -2.57142857e-02 
 2.22450000e-08 -1.42857143e-02 
 2.22950000e-08 -1.31838984e-16 
 2.23450000e-08  1.42857143e-02 
 2.23950000e-08  2.85714286e-02 
 2.24450000e-08  4.28571429e-02 
 2.24950000e-08  5.71428571e-02 
 2.25450000e-08  7.14285714e-02 
 2.25950000e-08  8.57142857e-02 
 2.26450000e-08  1.00000000e-01 
 2.26950000e-08  1.14285714e-01 
 2.27450000e-08  1.28571429e-01 
 2.27950000e-08  1.42857143e-01 
 2.28450000e-08  1.57142857e-01 
 2.28950000e-08  1.71428571e-01 
 2.29450000e-08  1.85714286e-01 
 2.29950000e-08  2.00000000e-01 
 2.30450000e-08  2.14285714e-01 
 2.30950000e-08  2.28571429e-01 
 2.31450000e-08  2.42857143e-01 
 2.31700000e-08  2.50000000e-01 
 2.31750000e-08  2.50000000e-01 
 2.31850000e-08  2.50000000e-01 
 2.32050000e-08  2.50000000e-01 
 2.32450000e-08  2.50000000e-01 
 2.32950000e-08  2.50000000e-01 
 2.33450000e-08  2.50000000e-01 
 2.33950000e-08  2.50000000e-01 
 2.34450000e-08  2.50000000e-01 
 2.34950000e-08  2.50000000e-01 
 2.35450000e-08  2.50000000e-01 
 2.35950000e-08  2.50000000e-01 
 2.36450000e-08  2.50000000e-01 
 2.36950000e-08  2.50000000e-01 
 2.37450000e-08  2.50000000e-01 
 2.37950000e-08  2.50000000e-01 
 2.38450000e-08  2.50000000e-01 
 2.38950000e-08  2.50000000e-01 
 2.39450000e-08  2.50000000e-01 
 2.39950000e-08  2.50000000e-01 
 2.40450000e-08  2.50000000e-01 
 2.40950000e-08  2.50000000e-01 
 2.41450000e-08  2.50000000e-01 
 2.41700000e-08  2.50000000e-01 
 2.41750000e-08  2.50000000e-01 
 2.41850000e-08  2.50000000e-01 
 2.42050000e-08  2.50000000e-01 
 2.42450000e-08  2.50000000e-01 
 2.42950000e-08  2.50000000e-01 
 2.43450000e-08  2.50000000e-01 
 2.43950000e-08  2.50000000e-01 
 2.44450000e-08  2.50000000e-01 
 2.44950000e-08  2.50000000e-01 
 2.45450000e-08  2.50000000e-01 
 2.45950000e-08  2.50000000e-01 
 2.46450000e-08  2.50000000e-01 
 2.46950000e-08  2.50000000e-01 
 2.47450000e-08  2.50000000e-01 
 2.47950000e-08  2.50000000e-01 
 2.48450000e-08  2.50000000e-01 
 2.48950000e-08  2.50000000e-01 
 2.49450000e-08  2.50000000e-01 
 2.49950000e-08  2.50000000e-01 
 2.50450000e-08  2.50000000e-01 
 2.50950000e-08  2.50000000e-01 
 2.51450000e-08  2.50000000e-01 
 2.51700000e-08  2.50000000e-01 
 2.51750000e-08  2.49285714e-01 
 2.51850000e-08  2.47857143e-01 
 2.52050000e-08  2.45000000e-01 
 2.52450000e-08  2.39285714e-01 
 2.52950000e-08  2.32142857e-01 
 2.53450000e-08  2.25000000e-01 
 2.53950000e-08  2.17857143e-01 
 2.54450000e-08  2.10714286e-01 
 2.54950000e-08  2.03571429e-01 
 2.55450000e-08  1.96428571e-01 
 2.55950000e-08  1.89285714e-01 
 2.56450000e-08  1.82142857e-01 
 2.56950000e-08  1.75000000e-01 
 2.57450000e-08  1.67857143e-01 
 2.57950000e-08  1.60714286e-01 
 2.58450000e-08  1.53571429e-01 
 2.58950000e-08  1.46428571e-01 
 2.59450000e-08  1.39285714e-01 
 2.59950000e-08  1.32142857e-01 
 2.60450000e-08  1.25000000e-01 
 2.60950000e-08  1.17857143e-01 
 2.61450000e-08  1.10714286e-01 
 2.61700000e-08  1.07142857e-01 
 2.61750000e-08  1.05714286e-01 
 2.61850000e-08  1.02857143e-01 
 2.62050000e-08  9.71428571e-02 
 2.62450000e-08  8.57142857e-02 
 2.62950000e-08  7.14285714e-02 
 2.63450000e-08  5.71428571e-02 
 2.63950000e-08  4.28571429e-02 
 2.64450000e-08  2.85714286e-02 
 2.64950000e-08  1.42857143e-02 
 2.65450000e-08  3.46944695e-16 
 2.65950000e-08 -1.42857143e-02 
 2.66450000e-08 -2.85714286e-02 
 2.66950000e-08 -4.28571429e-02 
 2.67450000e-08 -5.71428571e-02 
 2.67950000e-08 -7.14285714e-02 
 2.68450000e-08 -8.57142857e-02 
 2.68950000e-08 -1.00000000e-01 
 2.69450000e-08 -1.14285714e-01 
 2.69950000e-08 -1.28571429e-01 
 2.70450000e-08 -1.42857143e-01 
 2.70950000e-08 -1.57142857e-01 
 2.71450000e-08 -1.71428571e-01 
 2.71700000e-08 -1.78571429e-01 
 2.71750000e-08 -1.78571429e-01 
 2.71850000e-08 -1.78571429e-01 
 2.72050000e-08 -1.78571429e-01 
 2.72450000e-08 -1.78571429e-01 
 2.72950000e-08 -1.78571429e-01 
 2.73450000e-08 -1.78571429e-01 
 2.73950000e-08 -1.78571429e-01 
 2.74450000e-08 -1.78571429e-01 
 2.74950000e-08 -1.78571429e-01 
 2.75450000e-08 -1.78571429e-01 
 2.75950000e-08 -1.78571429e-01 
 2.76450000e-08 -1.78571429e-01 
 2.76950000e-08 -1.78571429e-01 
 2.77450000e-08 -1.78571429e-01 
 2.77950000e-08 -1.78571429e-01 
 2.78450000e-08 -1.78571429e-01 
 2.78950000e-08 -1.78571429e-01 
 2.79450000e-08 -1.78571429e-01 
 2.79950000e-08 -1.78571429e-01 
 2.80450000e-08 -1.78571429e-01 
 2.80950000e-08 -1.78571429e-01 
 2.81450000e-08 -1.78571429e-01 
 2.81700000e-08 -1.78571429e-01 
 2.81750000e-08 -1.78571429e-01 
 2.81850000e-08 -1.78571429e-01 
 2.82050000e-08 -1.78571429e-01 
 2.82450000e-08 -1.78571429e-01 
 2.82950000e-08 -1.78571429e-01 
 2.83450000e-08 -1.78571429e-01 
 2.83950000e-08 -1.78571429e-01 
 2.84450000e-08 -1.78571429e-01 
 2.84950000e-08 -1.78571429e-01 
 2.85450000e-08 -1.78571429e-01 
 2.85950000e-08 -1.78571429e-01 
 2.86450000e-08 -1.78571429e-01 
 2.86950000e-08 -1.78571429e-01 
 2.87450000e-08 -1.78571429e-01 
 2.87950000e-08 -1.78571429e-01 
 2.88450000e-08 -1.78571429e-01 
 2.88950000e-08 -1.78571429e-01 
 2.89450000e-08 -1.78571429e-01 
 2.89950000e-08 -1.78571429e-01 
 2.90450000e-08 -1.78571429e-01 
 2.90950000e-08 -1.78571429e-01 
 2.91450000e-08 -1.78571429e-01 
 2.91700000e-08 -1.78571429e-01 
 2.91750000e-08 -1.78571429e-01 
 2.91850000e-08 -1.78571429e-01 
 2.92050000e-08 -1.78571429e-01 
 2.92450000e-08 -1.78571429e-01 
 2.92950000e-08 -1.78571429e-01 
 2.93450000e-08 -1.78571429e-01 
 2.93950000e-08 -1.78571429e-01 
 2.94450000e-08 -1.78571429e-01 
 2.94950000e-08 -1.78571429e-01 
 2.95450000e-08 -1.78571429e-01 
 2.95950000e-08 -1.78571429e-01 
 2.96450000e-08 -1.78571429e-01 
 2.96950000e-08 -1.78571429e-01 
 2.97450000e-08 -1.78571429e-01 
 2.97950000e-08 -1.78571429e-01 
 2.98450000e-08 -1.78571429e-01 
 2.98950000e-08 -1.78571429e-01 
 2.99450000e-08 -1.78571429e-01 
 2.99950000e-08 -1.78571429e-01 
 3.00450000e-08 -1.78571429e-01 
 3.00950000e-08 -1.78571429e-01 
 3.01450000e-08 -1.78571429e-01 
 3.01700000e-08 -1.78571429e-01 
 3.01750000e-08 -1.78571429e-01 
 3.01850000e-08 -1.78571429e-01 
 3.02050000e-08 -1.78571429e-01 
 3.02450000e-08 -1.78571429e-01 
 3.02950000e-08 -1.78571429e-01 
 3.03450000e-08 -1.78571429e-01 
 3.03950000e-08 -1.78571429e-01 
 3.04450000e-08 -1.78571429e-01 
 3.04950000e-08 -1.78571429e-01 
 3.05450000e-08 -1.78571429e-01 
 3.05950000e-08 -1.78571429e-01 
 3.06450000e-08 -1.78571429e-01 
 3.06950000e-08 -1.78571429e-01 
 3.07450000e-08 -1.78571429e-01 
 3.07950000e-08 -1.78571429e-01 
 3.08450000e-08 -1.78571429e-01 
 3.08950000e-08 -1.78571429e-01 
 3.09450000e-08 -1.78571429e-01 
 3.09950000e-08 -1.78571429e-01 
 3.10450000e-08 -1.78571429e-01 
 3.10950000e-08 -1.78571429e-01 
 3.11450000e-08 -1.78571429e-01 
 3.11700000e-08 -1.78571429e-01 
 3.11750000e-08 -1.77857143e-01 
 3.11850000e-08 -1.76428571e-01 
 3.12050000e-08 -1.73571429e-01 
 3.12450000e-08 -1.67857143e-01 
 3.12950000e-08 -1.60714286e-01 
 3.13450000e-08 -1.53571429e-01 
 3.13950000e-08 -1.46428571e-01 
 3.14450000e-08 -1.39285714e-01 
 3.14950000e-08 -1.32142857e-01 
 3.15450000e-08 -1.25000000e-01 
 3.15950000e-08 -1.17857143e-01 
 3.16450000e-08 -1.10714286e-01 
 3.16950000e-08 -1.03571429e-01 
 3.17450000e-08 -9.64285714e-02 
 3.17950000e-08 -8.92857143e-02 
 3.18450000e-08 -8.21428571e-02 
 3.18950000e-08 -7.50000000e-02 
 3.19450000e-08 -6.78571429e-02 
 3.19950000e-08 -6.07142857e-02 
 3.20450000e-08 -5.35714286e-02 
 3.20950000e-08 -4.64285714e-02 
 3.21450000e-08 -3.92857143e-02 
 3.21700000e-08 -3.57142857e-02 
 3.21750000e-08 -3.42857143e-02 
 3.21850000e-08 -3.14285714e-02 
 3.22050000e-08 -2.57142857e-02 
 3.22450000e-08 -1.42857143e-02 
 3.22950000e-08 -3.08780779e-15 
 3.23450000e-08  1.42857143e-02 
 3.23950000e-08  2.85714286e-02 
 3.24450000e-08  4.28571429e-02 
 3.24950000e-08  5.71428571e-02 
 3.25450000e-08  7.14285714e-02 
 3.25950000e-08  8.57142857e-02 
 3.26450000e-08  1.00000000e-01 
 3.26950000e-08  1.14285714e-01 
 3.27450000e-08  1.28571429e-01 
 3.27950000e-08  1.42857143e-01 
 3.28450000e-08  1.57142857e-01 
 3.28950000e-08  1.71428571e-01 
 3.29450000e-08  1.85714286e-01 
 3.29950000e-08  2.00000000e-01 
 3.30450000e-08  2.14285714e-01 
 3.30950000e-08  2.28571429e-01 
 3.31450000e-08  2.42857143e-01 
 3.31700000e-08  2.50000000e-01 
 3.31750000e-08  2.50000000e-01 
 3.31850000e-08  2.50000000e-01 
 3.32050000e-08  2.50000000e-01 
 3.32450000e-08  2.50000000e-01 
 3.32950000e-08  2.50000000e-01 
 3.33450000e-08  2.50000000e-01 
 3.33950000e-08  2.50000000e-01 
 3.34450000e-08  2.50000000e-01 
 3.34950000e-08  2.50000000e-01 
 3.35450000e-08  2.50000000e-01 
 3.35950000e-08  2.50000000e-01 
 3.36450000e-08  2.50000000e-01 
 3.36950000e-08  2.50000000e-01 
 3.37450000e-08  2.50000000e-01 
 3.37950000e-08  2.50000000e-01 
 3.38450000e-08  2.50000000e-01 
 3.38950000e-08  2.50000000e-01 
 3.39450000e-08  2.50000000e-01 
 3.39950000e-08  2.50000000e-01 
 3.40450000e-08  2.50000000e-01 
 3.40950000e-08  2.50000000e-01 
 3.41450000e-08  2.50000000e-01 
 3.41700000e-08  2.50000000e-01 
 3.41750000e-08  2.50000000e-01 
 3.41850000e-08  2.50000000e-01 
 3.42050000e-08  2.50000000e-01 
 3.42450000e-08  2.50000000e-01 
 3.42950000e-08  2.50000000e-01 
 3.43450000e-08  2.50000000e-01 
 3.43950000e-08  2.50000000e-01 
 3.44450000e-08  2.50000000e-01 
 3.44950000e-08  2.50000000e-01 
 3.45450000e-08  2.50000000e-01 
 3.45950000e-08  2.50000000e-01 
 3.46450000e-08  2.50000000e-01 
 3.46950000e-08  2.50000000e-01 
 3.47450000e-08  2.50000000e-01 
 3.47950000e-08  2.50000000e-01 
 3.48450000e-08  2.50000000e-01 
 3.48950000e-08  2.50000000e-01 
 3.49450000e-08  2.50000000e-01 
 3.49950000e-08  2.50000000e-01 
 3.50450000e-08  2.50000000e-01 
 3.50950000e-08  2.50000000e-01 
 3.51450000e-08  2.50000000e-01 
 3.51700000e-08  2.50000000e-01 
 3.51750000e-08  2.49285714e-01 
 3.51850000e-08  2.47857143e-01 
 3.52050000e-08  2.45000000e-01 
 3.52450000e-08  2.39285714e-01 
 3.52950000e-08  2.32142857e-01 
 3.53450000e-08  2.25000000e-01 
 3.53950000e-08  2.17857143e-01 
 3.54450000e-08  2.10714286e-01 
 3.54950000e-08  2.03571429e-01 
 3.55450000e-08  1.96428571e-01 
 3.55950000e-08  1.89285714e-01 
 3.56450000e-08  1.82142857e-01 
 3.56950000e-08  1.75000000e-01 
 3.57450000e-08  1.67857143e-01 
 3.57950000e-08  1.60714286e-01 
 3.58450000e-08  1.53571429e-01 
 3.58950000e-08  1.46428571e-01 
 3.59450000e-08  1.39285714e-01 
 3.59950000e-08  1.32142857e-01 
 3.60450000e-08  1.25000000e-01 
 3.60950000e-08  1.17857143e-01 
 3.61450000e-08  1.10714286e-01 
 3.61700000e-08  1.07142857e-01 
 3.61750000e-08  1.05714286e-01 
 3.61850000e-08  1.02857143e-01 
 3.62050000e-08  9.71428571e-02 
 3.62450000e-08  8.57142857e-02 
 3.62950000e-08  7.14285714e-02 
 3.63450000e-08  5.71428571e-02 
 3.63950000e-08  4.28571429e-02 
 3.64450000e-08  2.85714286e-02 
 3.64950000e-08  1.42857143e-02 
 3.65450000e-08  4.71844785e-15 
 3.65950000e-08 -1.42857143e-02 
 3.66450000e-08 -2.85714286e-02 
 3.66950000e-08 -4.28571429e-02 
 3.67450000e-08 -5.71428571e-02 
 3.67950000e-08 -7.14285714e-02 
 3.68450000e-08 -8.57142857e-02 
 3.68950000e-08 -1.00000000e-01 
 3.69450000e-08 -1.14285714e-01 
 3.69950000e-08 -1.28571429e-01 
 3.70450000e-08 -1.42857143e-01 
 3.70950000e-08 -1.57142857e-01 
 3.71450000e-08 -1.71428571e-01 
 3.71700000e-08 -1.78571429e-01 
 3.71750000e-08 -1.78571429e-01 
 3.71850000e-08 -1.78571429e-01 
 3.72050000e-08 -1.78571429e-01 
 3.72450000e-08 -1.78571429e-01 
 3.72950000e-08 -1.78571429e-01 
 3.73450000e-08 -1.78571429e-01 
 3.73950000e-08 -1.78571429e-01 
 3.74450000e-08 -1.78571429e-01 
 3.74950000e-08 -1.78571429e-01 
 3.75450000e-08 -1.78571429e-01 
 3.75950000e-08 -1.78571429e-01 
 3.76450000e-08 -1.78571429e-01 
 3.76950000e-08 -1.78571429e-01 
 3.77450000e-08 -1.78571429e-01 
 3.77950000e-08 -1.78571429e-01 
 3.78450000e-08 -1.78571429e-01 
 3.78950000e-08 -1.78571429e-01 
 3.79450000e-08 -1.78571429e-01 
 3.79950000e-08 -1.78571429e-01 
 3.80450000e-08 -1.78571429e-01 
 3.80950000e-08 -1.78571429e-01 
 3.81450000e-08 -1.78571429e-01 
 3.81700000e-08 -1.78571429e-01 
 3.81750000e-08 -1.78571429e-01 
 3.81850000e-08 -1.78571429e-01 
 3.82050000e-08 -1.78571429e-01 
 3.82450000e-08 -1.78571429e-01 
 3.82950000e-08 -1.78571429e-01 
 3.83450000e-08 -1.78571429e-01 
 3.83950000e-08 -1.78571429e-01 
 3.84450000e-08 -1.78571429e-01 
 3.84950000e-08 -1.78571429e-01 
 3.85450000e-08 -1.78571429e-01 
 3.85950000e-08 -1.78571429e-01 
 3.86450000e-08 -1.78571429e-01 
 3.86950000e-08 -1.78571429e-01 
 3.87450000e-08 -1.78571429e-01 
 3.87950000e-08 -1.78571429e-01 
 3.88450000e-08 -1.78571429e-01 
 3.88950000e-08 -1.78571429e-01 
 3.89450000e-08 -1.78571429e-01 
 3.89950000e-08 -1.78571429e-01 
 3.90450000e-08 -1.78571429e-01 
 3.90950000e-08 -1.78571429e-01 
 3.91450000e-08 -1.78571429e-01 
 3.91700000e-08 -1.78571429e-01 
 3.91750000e-08 -1.78571429e-01 
 3.91850000e-08 -1.78571429e-01 
 3.92050000e-08 -1.78571429e-01 
 3.92450000e-08 -1.78571429e-01 
 3.92950000e-08 -1.78571429e-01 
 3.93450000e-08 -1.78571429e-01 
 3.93950000e-08 -1.78571429e-01 
 3.94450000e-08 -1.78571429e-01 
 3.94950000e-08 -1.78571429e-01 
 3.95450000e-08 -1.78571429e-01 
 3.95950000e-08 -1.78571429e-01 
 3.96450000e-08 -1.78571429e-01 
 3.96950000e-08 -1.78571429e-01 
 3.97450000e-08 -1.78571429e-01 
 3.97950000e-08 -1.78571429e-01 
 3.98450000e-08 -1.78571429e-01 
 3.98950000e-08 -1.78571429e-01 
 3.99450000e-08 -1.78571429e-01 
 3.99950000e-08 -1.78571429e-01 
 4.00450000e-08 -1.78571429e-01 
 4.00950000e-08 -1.78571429e-01 
 4.01450000e-08 -1.78571429e-01 
 4.01700000e-08 -1.78571429e-01 
 4.01750000e-08 -1.78571429e-01 
 4.01850000e-08 -1.78571429e-01 
 4.02050000e-08 -1.78571429e-01 
 4.02450000e-08 -1.78571429e-01 
 4.02950000e-08 -1.78571429e-01 
 4.03450000e-08 -1.78571429e-01 
 4.03950000e-08 -1.78571429e-01 
 4.04450000e-08 -1.78571429e-01 
 4.04950000e-08 -1.78571429e-01 
 4.05450000e-08 -1.78571429e-01 
 4.05950000e-08 -1.78571429e-01 
 4.06450000e-08 -1.78571429e-01 
 4.06950000e-08 -1.78571429e-01 
 4.07450000e-08 -1.78571429e-01 
 4.07950000e-08 -1.78571429e-01 
 4.08450000e-08 -1.78571429e-01 
 4.08950000e-08 -1.78571429e-01 
 4.09450000e-08 -1.78571429e-01 
 4.09950000e-08 -1.78571429e-01 
 4.10450000e-08 -1.78571429e-01 
 4.10950000e-08 -1.78571429e-01 
 4.11450000e-08 -1.78571429e-01 
 4.11700000e-08 -1.78571429e-01 
 4.11750000e-08 -1.77857143e-01 
 4.11850000e-08 -1.76428571e-01 
 4.12050000e-08 -1.73571429e-01 
 4.12450000e-08 -1.67857143e-01 
 4.12950000e-08 -1.60714286e-01 
 4.13450000e-08 -1.53571429e-01 
 4.13950000e-08 -1.46428571e-01 
 4.14450000e-08 -1.39285714e-01 
 4.14950000e-08 -1.32142857e-01 
 4.15450000e-08 -1.25000000e-01 
 4.15950000e-08 -1.17857143e-01 
 4.16450000e-08 -1.10714286e-01 
 4.16950000e-08 -1.03571429e-01 
 4.17450000e-08 -9.64285714e-02 
 4.17950000e-08 -8.92857143e-02 
 4.18450000e-08 -8.21428571e-02 
 4.18950000e-08 -7.50000000e-02 
 4.19450000e-08 -6.78571429e-02 
 4.19950000e-08 -6.07142857e-02 
 4.20450000e-08 -5.35714286e-02 
 4.20950000e-08 -4.64285714e-02 
 4.21450000e-08 -3.92857143e-02 
 4.21700000e-08 -3.57142857e-02 
 4.21750000e-08 -3.42857143e-02 
 4.21850000e-08 -3.14285714e-02 
 4.22050000e-08 -2.57142857e-02 
 4.22450000e-08 -1.42857143e-02 
 4.22950000e-08 -9.57567359e-16 
 4.23450000e-08  1.42857143e-02 
 4.23950000e-08  2.85714286e-02 
 4.24450000e-08  4.28571429e-02 
 4.24950000e-08  5.71428571e-02 
 4.25450000e-08  7.14285714e-02 
 4.25950000e-08  8.57142857e-02 
 4.26450000e-08  1.00000000e-01 
 4.26950000e-08  1.14285714e-01 
 4.27450000e-08  1.28571429e-01 
 4.27950000e-08  1.42857143e-01 
 4.28450000e-08  1.57142857e-01 
 4.28950000e-08  1.71428571e-01 
 4.29450000e-08  1.85714286e-01 
 4.29950000e-08  2.00000000e-01 
 4.30450000e-08  2.14285714e-01 
 4.30950000e-08  2.28571429e-01 
 4.31450000e-08  2.42857143e-01 
 4.31700000e-08  2.50000000e-01 
 4.31750000e-08  2.50000000e-01 
 4.31850000e-08  2.50000000e-01 
 4.32050000e-08  2.50000000e-01 
 4.32450000e-08  2.50000000e-01 
 4.32950000e-08  2.50000000e-01 
 4.33450000e-08  2.50000000e-01 
 4.33950000e-08  2.50000000e-01 
 4.34450000e-08  2.50000000e-01 
 4.34950000e-08  2.50000000e-01 
 4.35450000e-08  2.50000000e-01 
 4.35950000e-08  2.50000000e-01 
 4.36450000e-08  2.50000000e-01 
 4.36950000e-08  2.50000000e-01 
 4.37450000e-08  2.50000000e-01 
 4.37950000e-08  2.50000000e-01 
 4.38450000e-08  2.50000000e-01 
 4.38950000e-08  2.50000000e-01 
 4.39450000e-08  2.50000000e-01 
 4.39950000e-08  2.50000000e-01 
 4.40450000e-08  2.50000000e-01 
 4.40950000e-08  2.50000000e-01 
 4.41450000e-08  2.50000000e-01 
 4.41700000e-08  2.50000000e-01 
 4.41750000e-08  2.50000000e-01 
 4.41850000e-08  2.50000000e-01 
 4.42050000e-08  2.50000000e-01 
 4.42450000e-08  2.50000000e-01 
 4.42950000e-08  2.50000000e-01 
 4.43450000e-08  2.50000000e-01 
 4.43950000e-08  2.50000000e-01 
 4.44450000e-08  2.50000000e-01 
 4.44950000e-08  2.50000000e-01 
 4.45450000e-08  2.50000000e-01 
 4.45950000e-08  2.50000000e-01 
 4.46450000e-08  2.50000000e-01 
 4.46950000e-08  2.50000000e-01 
 4.47450000e-08  2.50000000e-01 
 4.47950000e-08  2.50000000e-01 
 4.48450000e-08  2.50000000e-01 
 4.48950000e-08  2.50000000e-01 
 4.49450000e-08  2.50000000e-01 
 4.49950000e-08  2.50000000e-01 
 4.50450000e-08  2.50000000e-01 
 4.50950000e-08  2.50000000e-01 
 4.51450000e-08  2.50000000e-01 
 4.51700000e-08  2.50000000e-01 
 4.51750000e-08  2.49285714e-01 
 4.51850000e-08  2.47857143e-01 
 4.52050000e-08  2.45000000e-01 
 4.52450000e-08  2.39285714e-01 
 4.52950000e-08  2.32142857e-01 
 4.53450000e-08  2.25000000e-01 
 4.53950000e-08  2.17857143e-01 
 4.54450000e-08  2.10714286e-01 
 4.54950000e-08  2.03571429e-01 
 4.55450000e-08  1.96428571e-01 
 4.55950000e-08  1.89285714e-01 
 4.56450000e-08  1.82142857e-01 
 4.56950000e-08  1.75000000e-01 
 4.57450000e-08  1.67857143e-01 
 4.57950000e-08  1.60714286e-01 
 4.58450000e-08  1.53571429e-01 
 4.58950000e-08  1.46428571e-01 
 4.59450000e-08  1.39285714e-01 
 4.59950000e-08  1.32142857e-01 
 4.60450000e-08  1.25000000e-01 
 4.60950000e-08  1.17857143e-01 
 4.61450000e-08  1.10714286e-01 
 4.61700000e-08  1.07142857e-01 
 4.61750000e-08  1.05714286e-01 
 4.61850000e-08  1.02857143e-01 
 4.62050000e-08  9.71428571e-02 
 4.62450000e-08  8.57142857e-02 
 4.62950000e-08  7.14285714e-02 
 4.63450000e-08  5.71428571e-02 
 4.63950000e-08  4.28571429e-02 
 4.64450000e-08  2.85714286e-02 
 4.64950000e-08  1.42857143e-02 
 4.65450000e-08  5.44009282e-15 
 4.65950000e-08 -1.42857143e-02 
 4.66450000e-08 -2.85714286e-02 
 4.66950000e-08 -4.28571429e-02 
 4.67450000e-08 -5.71428571e-02 
 4.67950000e-08 -7.14285714e-02 
 4.68450000e-08 -8.57142857e-02 
 4.68950000e-08 -1.00000000e-01 
 4.69450000e-08 -1.14285714e-01 
 4.69950000e-08 -1.28571429e-01 
 4.70450000e-08 -1.42857143e-01 
 4.70950000e-08 -1.57142857e-01 
 4.71450000e-08 -1.71428571e-01 
 4.71700000e-08 -1.78571429e-01 
 4.71750000e-08 -1.78571429e-01 
 4.71850000e-08 -1.78571429e-01 
 4.72050000e-08 -1.78571429e-01 
 4.72450000e-08 -1.78571429e-01 
 4.72950000e-08 -1.78571429e-01 
 4.73450000e-08 -1.78571429e-01 
 4.73950000e-08 -1.78571429e-01 
 4.74450000e-08 -1.78571429e-01 
 4.74950000e-08 -1.78571429e-01 
 4.75450000e-08 -1.78571429e-01 
 4.75950000e-08 -1.78571429e-01 
 4.76450000e-08 -1.78571429e-01 
 4.76950000e-08 -1.78571429e-01 
 4.77450000e-08 -1.78571429e-01 
 4.77950000e-08 -1.78571429e-01 
 4.78450000e-08 -1.78571429e-01 
 4.78950000e-08 -1.78571429e-01 
 4.79450000e-08 -1.78571429e-01 
 4.79950000e-08 -1.78571429e-01 
 4.80450000e-08 -1.78571429e-01 
 4.80950000e-08 -1.78571429e-01 
 4.81450000e-08 -1.78571429e-01 
 4.81700000e-08 -1.78571429e-01 
 4.81750000e-08 -1.78571429e-01 
 4.81850000e-08 -1.78571429e-01 
 4.82050000e-08 -1.78571429e-01 
 4.82450000e-08 -1.78571429e-01 
 4.82950000e-08 -1.78571429e-01 
 4.83450000e-08 -1.78571429e-01 
 4.83950000e-08 -1.78571429e-01 
 4.84450000e-08 -1.78571429e-01 
 4.84950000e-08 -1.78571429e-01 
 4.85450000e-08 -1.78571429e-01 
 4.85950000e-08 -1.78571429e-01 
 4.86450000e-08 -1.78571429e-01 
 4.86950000e-08 -1.78571429e-01 
 4.87450000e-08 -1.78571429e-01 
 4.87950000e-08 -1.78571429e-01 
 4.88450000e-08 -1.78571429e-01 
 4.88950000e-08 -1.78571429e-01 
 4.89450000e-08 -1.78571429e-01 
 4.89950000e-08 -1.78571429e-01 
 4.90450000e-08 -1.78571429e-01 
 4.90950000e-08 -1.78571429e-01 
 4.91450000e-08 -1.78571429e-01 
 4.91700000e-08 -1.78571429e-01 
 4.91750000e-08 -1.78571429e-01 
 4.91850000e-08 -1.78571429e-01 
 4.92050000e-08 -1.78571429e-01 
 4.92450000e-08 -1.78571429e-01 
 4.92950000e-08 -1.78571429e-01 
 4.93450000e-08 -1.78571429e-01 
 4.93950000e-08 -1.78571429e-01 
 4.94450000e-08 -1.78571429e-01 
 4.94950000e-08 -1.78571429e-01 
 4.95450000e-08 -1.78571429e-01 
 4.95950000e-08 -1.78571429e-01 
 4.96450000e-08 -1.78571429e-01 
 4.96950000e-08 -1.78571429e-01 
 4.97450000e-08 -1.78571429e-01 
 4.97950000e-08 -1.78571429e-01 
 4.98450000e-08 -1.78571429e-01 
 4.98950000e-08 -1.78571429e-01 
 4.99450000e-08 -1.78571429e-01 
 4.99950000e-08 -1.78571429e-01 
 5.00000000e-08 -1.78571429e-01 
