 0.00000000e+00  0.00000000e+00 
 1.00000000e-11  0.00000000e+00 
 2.00000000e-11  0.00000000e+00 
 4.00000000e-11  0.00000000e+00 
 8.00000000e-11  0.00000000e+00 
 1.60000000e-10  0.00000000e+00 
 3.20000000e-10  0.00000000e+00 
 6.40000000e-10  0.00000000e+00 
 9.76565613e-10  0.00000000e+00 
 1.36932259e-09  2.29975229e-01 
 1.72788943e-09  4.41568796e-01 
 2.38118598e-09  7.62924467e-01 
 3.16932135e-09  9.78493034e-01 
 4.16932135e-09  9.12865755e-01 
 5.16932135e-09  4.98554785e-01 
 6.16932135e-09 -1.06187168e-01 
 7.16932135e-09 -6.70369231e-01 
 8.16932135e-09 -9.78493034e-01 
 9.16932135e-09 -9.12865755e-01 
 1.01693214e-08 -4.98554785e-01 
 1.11693214e-08  1.06187168e-01 
 1.21693214e-08  6.70369231e-01 
 1.31693214e-08  9.78493034e-01 
 1.41693214e-08  9.12865755e-01 
 1.51693214e-08  4.98554785e-01 
 1.61693214e-08 -1.06187168e-01 
 1.71693214e-08 -6.70369231e-01 
 1.81693214e-08 -9.78493034e-01 
 1.91693214e-08 -9.12865755e-01 
 2.01693214e-08 -4.98554785e-01 
 2.11693214e-08  1.06187168e-01 
 2.21693214e-08  6.70369231e-01 
 2.31693214e-08  9.78493034e-01 
 2.41693214e-08  9.12865755e-01 
 2.51693214e-08  4.98554785e-01 
 2.61693214e-08 -1.06187168e-01 
 2.71693214e-08 -6.70369231e-01 
 2.81693214e-08 -9.78493034e-01 
 2.91693214e-08 -9.12865755e-01 
 3.01693214e-08 -4.98554785e-01 
 3.11693214e-08  1.06187168e-01 
 3.21693214e-08  6.70369231e-01 
 3.31693214e-08  9.78493034e-01 
 3.41693214e-08  9.12865755e-01 
 3.51693214e-08  4.98554785e-01 
 3.61693214e-08 -1.06187168e-01 
 3.71693214e-08 -6.70369231e-01 
 3.81693214e-08 -9.78493034e-01 
 3.91693214e-08 -9.12865755e-01 
 4.01693214e-08 -4.98554785e-01 
 4.11693214e-08  1.06187168e-01 
 4.21693214e-08  6.70369231e-01 
 4.31693214e-08  9.78493034e-01 
 4.41693214e-08  9.12865755e-01 
 4.51693214e-08  4.98554785e-01 
 4.61693214e-08 -1.06187168e-01 
 4.71693214e-08 -6.70369231e-01 
 4.81693214e-08 -9.78493034e-01 
 4.91693214e-08 -9.12865755e-01 
 5.01693214e-08 -4.98554785e-01 
 5.11693214e-08  1.06187168e-01 
 5.21693214e-08  6.70369231e-01 
 5.31693214e-08  9.78493034e-01 
 5.41693214e-08  9.12865755e-01 
 5.51693214e-08  4.98554785e-01 
 5.61693214e-08 -1.06187168e-01 
 5.71693214e-08 -6.70369231e-01 
 5.81693214e-08 -9.78493034e-01 
 5.91693214e-08 -9.12865755e-01 
 6.01693214e-08 -4.98554785e-01 
 6.11693214e-08  1.06187168e-01 
 6.21693214e-08  6.70369231e-01 
 6.31693214e-08  9.78493034e-01 
 6.41693214e-08  9.12865755e-01 
 6.51693214e-08  4.98554785e-01 
 6.61693214e-08 -1.06187168e-01 
 6.71693214e-08 -6.70369231e-01 
 6.81693214e-08 -9.78493034e-01 
 6.91693214e-08 -9.12865755e-01 
 7.01693214e-08 -4.98554785e-01 
 7.11693214e-08  1.06187168e-01 
 7.21693214e-08  6.70369231e-01 
 7.31693214e-08  9.78493034e-01 
 7.41693214e-08  9.12865755e-01 
 7.51693214e-08  4.98554785e-01 
 7.61693214e-08 -1.06187168e-01 
 7.71693214e-08 -6.70369231e-01 
 7.81693214e-08 -9.78493034e-01 
 7.91693214e-08 -9.12865755e-01 
 8.01693214e-08 -4.98554785e-01 
 8.11693214e-08  1.06187168e-01 
 8.21693214e-08  6.70369231e-01 
 8.31693214e-08  9.78493034e-01 
 8.41693214e-08  9.12865755e-01 
 8.51693214e-08  4.98554785e-01 
 8.61693214e-08 -1.06187168e-01 
 8.71693214e-08 -6.70369231e-01 
 8.81693214e-08 -9.78493034e-01 
 8.91693214e-08 -9.12865755e-01 
 9.01693214e-08 -4.98554785e-01 
 9.11693214e-08  1.06187168e-01 
 9.21693214e-08  6.70369231e-01 
 9.31693214e-08  9.78493034e-01 
 9.41693214e-08  9.12865755e-01 
 9.51693214e-08  4.98554785e-01 
 9.61693214e-08 -1.06187168e-01 
 9.71693214e-08 -6.70369231e-01 
 9.81693214e-08 -9.78493034e-01 
 9.91693214e-08 -9.12865755e-01 
 1.00169321e-07 -4.98554785e-01 
 1.01169321e-07  1.06187168e-01 
 1.02169321e-07  6.70369231e-01 
 1.03169321e-07  9.78493034e-01 
 1.04169321e-07  9.12865755e-01 
 1.05169321e-07  4.98554785e-01 
 1.06169321e-07 -1.06187168e-01 
 1.07169321e-07 -6.70369231e-01 
 1.08169321e-07 -9.78493034e-01 
 1.09169321e-07 -9.12865755e-01 
 1.10169321e-07 -4.98554785e-01 
 1.11169321e-07  1.06187168e-01 
 1.12169321e-07  6.70369231e-01 
 1.13169321e-07  9.78493034e-01 
 1.14169321e-07  9.12865755e-01 
 1.15169321e-07  4.98554785e-01 
 1.16169321e-07 -1.06187168e-01 
 1.17169321e-07 -6.70369231e-01 
 1.18169321e-07 -9.78493034e-01 
 1.19169321e-07 -9.12865755e-01 
 1.20169321e-07 -4.98554785e-01 
 1.21169321e-07  1.06187168e-01 
 1.22169321e-07  6.70369231e-01 
 1.23169321e-07  9.78493034e-01 
 1.24169321e-07  9.12865755e-01 
 1.25169321e-07  4.98554785e-01 
 1.26169321e-07 -1.06187168e-01 
 1.27169321e-07 -6.70369231e-01 
 1.28169321e-07 -9.78493034e-01 
 1.29169321e-07 -9.12865755e-01 
 1.30169321e-07 -4.98554785e-01 
 1.31169321e-07  1.06187168e-01 
 1.32169321e-07  6.70369231e-01 
 1.33169321e-07  9.78493034e-01 
 1.34169321e-07  9.12865755e-01 
 1.35169321e-07  4.98554785e-01 
 1.36169321e-07 -1.06187168e-01 
 1.37169321e-07 -6.70369231e-01 
 1.38169321e-07 -9.78493034e-01 
 1.39169321e-07 -9.12865755e-01 
 1.40169321e-07 -4.98554785e-01 
 1.41169321e-07  1.06187168e-01 
 1.42169321e-07  6.70369231e-01 
 1.43169321e-07  9.78493034e-01 
 1.44169321e-07  9.12865755e-01 
 1.45169321e-07  4.98554785e-01 
 1.46169321e-07 -1.06187168e-01 
 1.47169321e-07 -6.70369231e-01 
 1.48169321e-07 -9.78493034e-01 
 1.49169321e-07 -9.12865755e-01 
 1.50169321e-07 -4.98554785e-01 
 1.51169321e-07  1.06187168e-01 
 1.52169321e-07  6.70369231e-01 
 1.53169321e-07  9.78493034e-01 
 1.54169321e-07  9.12865755e-01 
 1.55169321e-07  4.98554785e-01 
 1.56169321e-07 -1.06187168e-01 
 1.57169321e-07 -6.70369231e-01 
 1.58169321e-07 -9.78493034e-01 
 1.59169321e-07 -9.12865755e-01 
 1.60169321e-07 -4.98554785e-01 
 1.61169321e-07  1.06187168e-01 
 1.62169321e-07  6.70369231e-01 
 1.63169321e-07  9.78493034e-01 
 1.64169321e-07  9.12865755e-01 
 1.65169321e-07  4.98554785e-01 
 1.66169321e-07 -1.06187168e-01 
 1.67169321e-07 -6.70369231e-01 
 1.68169321e-07 -9.78493034e-01 
 1.69169321e-07 -9.12865755e-01 
 1.70169321e-07 -4.98554785e-01 
 1.71169321e-07  1.06187168e-01 
 1.72169321e-07  6.70369231e-01 
 1.73169321e-07  9.78493034e-01 
 1.74169321e-07  9.12865755e-01 
 1.75169321e-07  4.98554785e-01 
 1.76169321e-07 -1.06187168e-01 
 1.77169321e-07 -6.70369231e-01 
 1.78169321e-07 -9.78493034e-01 
 1.79169321e-07 -9.12865755e-01 
 1.80169321e-07 -4.98554785e-01 
 1.81169321e-07  1.06187168e-01 
 1.82169321e-07  6.70369231e-01 
 1.83169321e-07  9.78493034e-01 
 1.84169321e-07  9.12865755e-01 
 1.85169321e-07  4.98554785e-01 
 1.86169321e-07 -1.06187168e-01 
 1.87169321e-07 -6.70369231e-01 
 1.88169321e-07 -9.78493034e-01 
 1.89169321e-07 -9.12865755e-01 
 1.90169321e-07 -4.98554785e-01 
 1.91169321e-07  1.06187168e-01 
 1.92169321e-07  6.70369231e-01 
 1.93169321e-07  9.78493034e-01 
 1.94169321e-07  9.12865755e-01 
 1.95169321e-07  4.98554785e-01 
 1.96169321e-07 -1.06187168e-01 
 1.97169321e-07 -6.70369231e-01 
 1.98169321e-07 -9.78493034e-01 
 1.99169321e-07 -9.12865755e-01 
 2.00169321e-07 -4.98554785e-01 
 2.01169321e-07  1.06187168e-01 
 2.02169321e-07  6.70369231e-01 
 2.03169321e-07  9.78493034e-01 
 2.04169321e-07  9.12865755e-01 
 2.05169321e-07  4.98554785e-01 
 2.06169321e-07 -1.06187168e-01 
 2.07169321e-07 -6.70369231e-01 
 2.08169321e-07 -9.78493034e-01 
 2.09169321e-07 -9.12865755e-01 
 2.10169321e-07 -4.98554785e-01 
 2.11169321e-07  1.06187168e-01 
 2.12169321e-07  6.70369231e-01 
 2.13169321e-07  9.78493034e-01 
 2.14169321e-07  9.12865755e-01 
 2.15169321e-07  4.98554785e-01 
 2.16169321e-07 -1.06187168e-01 
 2.17169321e-07 -6.70369231e-01 
 2.18169321e-07 -9.78493034e-01 
 2.19169321e-07 -9.12865755e-01 
 2.20169321e-07 -4.98554785e-01 
 2.21169321e-07  1.06187168e-01 
 2.22169321e-07  6.70369231e-01 
 2.23169321e-07  9.78493034e-01 
 2.24169321e-07  9.12865755e-01 
 2.25169321e-07  4.98554785e-01 
 2.26169321e-07 -1.06187168e-01 
 2.27169321e-07 -6.70369231e-01 
 2.28169321e-07 -9.78493034e-01 
 2.29169321e-07 -9.12865755e-01 
 2.30169321e-07 -4.98554785e-01 
 2.31169321e-07  1.06187168e-01 
 2.32169321e-07  6.70369231e-01 
 2.33169321e-07  9.78493034e-01 
 2.34169321e-07  9.12865755e-01 
 2.35169321e-07  4.98554785e-01 
 2.36169321e-07 -1.06187168e-01 
 2.37169321e-07 -6.70369231e-01 
 2.38169321e-07 -9.78493034e-01 
 2.39169321e-07 -9.12865755e-01 
 2.40169321e-07 -4.98554785e-01 
 2.41169321e-07  1.06187168e-01 
 2.42169321e-07  6.70369231e-01 
 2.43169321e-07  9.78493034e-01 
 2.44169321e-07  9.12865755e-01 
 2.45169321e-07  4.98554785e-01 
 2.46169321e-07 -1.06187168e-01 
 2.47169321e-07 -6.70369231e-01 
 2.48169321e-07 -9.78493034e-01 
 2.49169321e-07 -9.12865755e-01 
 2.50169321e-07 -4.98554785e-01 
 2.51169321e-07  1.06187168e-01 
 2.52169321e-07  6.70369231e-01 
 2.53169321e-07  9.78493034e-01 
 2.54169321e-07  9.12865755e-01 
 2.55169321e-07  4.98554785e-01 
 2.56169321e-07 -1.06187168e-01 
 2.57169321e-07 -6.70369231e-01 
 2.58169321e-07 -9.78493034e-01 
 2.59169321e-07 -9.12865755e-01 
 2.60169321e-07 -4.98554785e-01 
 2.61169321e-07  1.06187168e-01 
 2.62169321e-07  6.70369231e-01 
 2.63169321e-07  9.78493034e-01 
 2.64169321e-07  9.12865755e-01 
 2.65169321e-07  4.98554785e-01 
 2.66169321e-07 -1.06187168e-01 
 2.67169321e-07 -6.70369231e-01 
 2.68169321e-07 -9.78493034e-01 
 2.69169321e-07 -9.12865755e-01 
 2.70169321e-07 -4.98554785e-01 
 2.71169321e-07  1.06187168e-01 
 2.72169321e-07  6.70369231e-01 
 2.73169321e-07  9.78493034e-01 
 2.74169321e-07  9.12865755e-01 
 2.75169321e-07  4.98554785e-01 
 2.76169321e-07 -1.06187168e-01 
 2.77169321e-07 -6.70369231e-01 
 2.78169321e-07 -9.78493034e-01 
 2.79169321e-07 -9.12865755e-01 
 2.80169321e-07 -4.98554785e-01 
 2.81169321e-07  1.06187168e-01 
 2.82169321e-07  6.70369231e-01 
 2.83169321e-07  9.78493034e-01 
 2.84169321e-07  9.12865755e-01 
 2.85169321e-07  4.98554785e-01 
 2.86169321e-07 -1.06187168e-01 
 2.87169321e-07 -6.70369231e-01 
 2.88169321e-07 -9.78493034e-01 
 2.89169321e-07 -9.12865755e-01 
 2.90169321e-07 -4.98554785e-01 
 2.91169321e-07  1.06187168e-01 
 2.92169321e-07  6.70369231e-01 
 2.93169321e-07  9.78493034e-01 
 2.94169321e-07  9.12865755e-01 
 2.95169321e-07  4.98554785e-01 
 2.96169321e-07 -1.06187168e-01 
 2.97169321e-07 -6.70369231e-01 
 2.98169321e-07 -9.78493034e-01 
 2.99169321e-07 -9.12865755e-01 
 3.00169321e-07 -4.98554785e-01 
 3.01169321e-07  1.06187168e-01 
 3.02169321e-07  6.70369231e-01 
 3.03169321e-07  9.78493034e-01 
 3.04169321e-07  9.12865755e-01 
 3.05169321e-07  4.98554785e-01 
 3.06169321e-07 -1.06187168e-01 
 3.07169321e-07 -6.70369231e-01 
 3.08169321e-07 -9.78493034e-01 
 3.09169321e-07 -9.12865755e-01 
 3.10169321e-07 -4.98554785e-01 
 3.11169321e-07  1.06187168e-01 
 3.12169321e-07  6.70369231e-01 
 3.13169321e-07  9.78493034e-01 
 3.14169321e-07  9.12865755e-01 
 3.15169321e-07  4.98554785e-01 
 3.16169321e-07 -1.06187168e-01 
 3.17169321e-07 -6.70369231e-01 
 3.18169321e-07 -9.78493034e-01 
 3.19169321e-07 -9.12865755e-01 
 3.20169321e-07 -4.98554785e-01 
 3.21169321e-07  1.06187168e-01 
 3.22169321e-07  6.70369231e-01 
 3.23169321e-07  9.78493034e-01 
 3.24169321e-07  9.12865755e-01 
 3.25169321e-07  4.98554785e-01 
 3.26169321e-07 -1.06187168e-01 
 3.27169321e-07 -6.70369231e-01 
 3.28169321e-07 -9.78493034e-01 
 3.29169321e-07 -9.12865755e-01 
 3.30169321e-07 -4.98554785e-01 
 3.31169321e-07  1.06187168e-01 
 3.32169321e-07  6.70369231e-01 
 3.33169321e-07  9.78493034e-01 
 3.34169321e-07  9.12865755e-01 
 3.35169321e-07  4.98554785e-01 
 3.36169321e-07 -1.06187168e-01 
 3.37169321e-07 -6.70369232e-01 
 3.38169321e-07 -9.78493034e-01 
 3.39169321e-07 -9.12865755e-01 
 3.40169321e-07 -4.98554785e-01 
 3.41169321e-07  1.06187168e-01 
 3.42169321e-07  6.70369232e-01 
 3.43169321e-07  9.78493034e-01 
 3.44169321e-07  9.12865755e-01 
 3.45169321e-07  4.98554785e-01 
 3.46169321e-07 -1.06187168e-01 
 3.47169321e-07 -6.70369232e-01 
 3.48169321e-07 -9.78493034e-01 
 3.49169321e-07 -9.12865755e-01 
 3.50169321e-07 -4.98554785e-01 
 3.51169321e-07  1.06187168e-01 
 3.52169321e-07  6.70369232e-01 
 3.53169321e-07  9.78493034e-01 
 3.54169321e-07  9.12865755e-01 
 3.55169321e-07  4.98554785e-01 
 3.56169321e-07 -1.06187168e-01 
 3.57169321e-07 -6.70369232e-01 
 3.58169321e-07 -9.78493034e-01 
 3.59169321e-07 -9.12865755e-01 
 3.60169321e-07 -4.98554785e-01 
 3.61169321e-07  1.06187168e-01 
 3.62169321e-07  6.70369232e-01 
 3.63169321e-07  9.78493034e-01 
 3.64169321e-07  9.12865755e-01 
 3.65169321e-07  4.98554785e-01 
 3.66169321e-07 -1.06187168e-01 
 3.67169321e-07 -6.70369232e-01 
 3.68169321e-07 -9.78493034e-01 
 3.69169321e-07 -9.12865755e-01 
 3.70169321e-07 -4.98554785e-01 
 3.71169321e-07  1.06187168e-01 
 3.72169321e-07  6.70369232e-01 
 3.73169321e-07  9.78493034e-01 
 3.74169321e-07  9.12865755e-01 
 3.75169321e-07  4.98554785e-01 
 3.76169321e-07 -1.06187168e-01 
 3.77169321e-07 -6.70369232e-01 
 3.78169321e-07 -9.78493034e-01 
 3.79169321e-07 -9.12865755e-01 
 3.80169321e-07 -4.98554785e-01 
 3.81169321e-07  1.06187168e-01 
 3.82169321e-07  6.70369232e-01 
 3.83169321e-07  9.78493034e-01 
 3.84169321e-07  9.12865755e-01 
 3.85169321e-07  4.98554785e-01 
 3.86169321e-07 -1.06187168e-01 
 3.87169321e-07 -6.70369232e-01 
 3.88169321e-07 -9.78493034e-01 
 3.89169321e-07 -9.12865755e-01 
 3.90169321e-07 -4.98554785e-01 
 3.91169321e-07  1.06187168e-01 
 3.92169321e-07  6.70369232e-01 
 3.93169321e-07  9.78493034e-01 
 3.94169321e-07  9.12865755e-01 
 3.95169321e-07  4.98554785e-01 
 3.96169321e-07 -1.06187168e-01 
 3.97169321e-07 -6.70369232e-01 
 3.98169321e-07 -9.78493034e-01 
 3.99169321e-07 -9.12865755e-01 
 4.00169321e-07 -4.98554785e-01 
 4.01169321e-07  1.06187168e-01 
 4.02169321e-07  6.70369232e-01 
 4.03169321e-07  9.78493034e-01 
 4.04169321e-07  9.12865755e-01 
 4.05169321e-07  4.98554785e-01 
 4.06169321e-07 -1.06187168e-01 
 4.07169321e-07 -6.70369232e-01 
 4.08169321e-07 -9.78493034e-01 
 4.09169321e-07 -9.12865755e-01 
 4.10169321e-07 -4.98554785e-01 
 4.11169321e-07  1.06187168e-01 
 4.12169321e-07  6.70369232e-01 
 4.13169321e-07  9.78493034e-01 
 4.14169321e-07  9.12865755e-01 
 4.15169321e-07  4.98554785e-01 
 4.16169321e-07 -1.06187168e-01 
 4.17169321e-07 -6.70369232e-01 
 4.18169321e-07 -9.78493034e-01 
 4.19169321e-07 -9.12865755e-01 
 4.20169321e-07 -4.98554785e-01 
 4.21169321e-07  1.06187168e-01 
 4.22169321e-07  6.70369232e-01 
 4.23169321e-07  9.78493034e-01 
 4.24169321e-07  9.12865755e-01 
 4.25169321e-07  4.98554785e-01 
 4.26169321e-07 -1.06187168e-01 
 4.27169321e-07 -6.70369232e-01 
 4.28169321e-07 -9.78493034e-01 
 4.29169321e-07 -9.12865755e-01 
 4.30169321e-07 -4.98554785e-01 
 4.31169321e-07  1.06187168e-01 
 4.32169321e-07  6.70369232e-01 
 4.33169321e-07  9.78493034e-01 
 4.34169321e-07  9.12865755e-01 
 4.35169321e-07  4.98554785e-01 
 4.36169321e-07 -1.06187168e-01 
 4.37169321e-07 -6.70369232e-01 
 4.38169321e-07 -9.78493034e-01 
 4.39169321e-07 -9.12865755e-01 
 4.40169321e-07 -4.98554785e-01 
 4.41169321e-07  1.06187168e-01 
 4.42169321e-07  6.70369232e-01 
 4.43169321e-07  9.78493034e-01 
 4.44169321e-07  9.12865755e-01 
 4.45169321e-07  4.98554785e-01 
 4.46169321e-07 -1.06187168e-01 
 4.47169321e-07 -6.70369232e-01 
 4.48169321e-07 -9.78493034e-01 
 4.49169321e-07 -9.12865755e-01 
 4.50169321e-07 -4.98554785e-01 
 4.51169321e-07  1.06187168e-01 
 4.52169321e-07  6.70369232e-01 
 4.53169321e-07  9.78493034e-01 
 4.54169321e-07  9.12865755e-01 
 4.55169321e-07  4.98554785e-01 
 4.56169321e-07 -1.06187168e-01 
 4.57169321e-07 -6.70369232e-01 
 4.58169321e-07 -9.78493034e-01 
 4.59169321e-07 -9.12865755e-01 
 4.60169321e-07 -4.98554785e-01 
 4.61169321e-07  1.06187168e-01 
 4.62169321e-07  6.70369232e-01 
 4.63169321e-07  9.78493034e-01 
 4.64169321e-07  9.12865755e-01 
 4.65169321e-07  4.98554785e-01 
 4.66169321e-07 -1.06187168e-01 
 4.67169321e-07 -6.70369232e-01 
 4.68169321e-07 -9.78493034e-01 
 4.69169321e-07 -9.12865755e-01 
 4.70169321e-07 -4.98554785e-01 
 4.71169321e-07  1.06187168e-01 
 4.72169321e-07  6.70369232e-01 
 4.73169321e-07  9.78493034e-01 
 4.74169321e-07  9.12865755e-01 
 4.75169321e-07  4.98554785e-01 
 4.76169321e-07 -1.06187168e-01 
 4.77169321e-07 -6.70369232e-01 
 4.78169321e-07 -9.78493034e-01 
 4.79169321e-07 -9.12865755e-01 
 4.80169321e-07 -4.98554785e-01 
 4.81169321e-07  1.06187168e-01 
 4.82169321e-07  6.70369232e-01 
 4.83169321e-07  9.78493034e-01 
 4.84169321e-07  9.12865755e-01 
 4.85169321e-07  4.98554785e-01 
 4.86169321e-07 -1.06187168e-01 
 4.87169321e-07 -6.70369232e-01 
 4.88169321e-07 -9.78493034e-01 
 4.89169321e-07 -9.12865755e-01 
 4.90169321e-07 -4.98554785e-01 
 4.91169321e-07  1.06187168e-01 
 4.92169321e-07  6.70369232e-01 
 4.93169321e-07  9.78493034e-01 
 4.94169321e-07  9.12865755e-01 
 4.95169321e-07  4.98554785e-01 
 4.96169321e-07 -1.06187168e-01 
 4.97169321e-07 -6.70369232e-01 
 4.98169321e-07 -9.78493034e-01 
 4.99169321e-07 -9.12865755e-01 
 5.00169321e-07 -4.98554785e-01 
 5.01169321e-07  1.06187168e-01 
 5.02169321e-07  6.70369232e-01 
 5.03169321e-07  9.78493034e-01 
 5.04169321e-07  9.12865755e-01 
 5.05169321e-07  4.98554785e-01 
 5.06169321e-07 -1.06187168e-01 
 5.07169321e-07 -6.70369232e-01 
 5.08169321e-07 -9.78493034e-01 
 5.09169321e-07 -9.12865755e-01 
 5.10169321e-07 -4.98554785e-01 
 5.11169321e-07  1.06187168e-01 
 5.12169321e-07  6.70369232e-01 
 5.13169321e-07  9.78493034e-01 
 5.14169321e-07  9.12865755e-01 
 5.15169321e-07  4.98554785e-01 
 5.16169321e-07 -1.06187168e-01 
 5.17169321e-07 -6.70369232e-01 
 5.18169321e-07 -9.78493034e-01 
 5.19169321e-07 -9.12865755e-01 
 5.20169321e-07 -4.98554785e-01 
 5.21169321e-07  1.06187168e-01 
 5.22169321e-07  6.70369232e-01 
 5.23169321e-07  9.78493034e-01 
 5.24169321e-07  9.12865755e-01 
 5.25169321e-07  4.98554785e-01 
 5.26169321e-07 -1.06187168e-01 
 5.27169321e-07 -6.70369232e-01 
 5.28169321e-07 -9.78493034e-01 
 5.29169321e-07 -9.12865755e-01 
 5.30169321e-07 -4.98554785e-01 
 5.31169321e-07  1.06187168e-01 
 5.32169321e-07  6.70369232e-01 
 5.33169321e-07  9.78493034e-01 
 5.34169321e-07  9.12865755e-01 
 5.35169321e-07  4.98554785e-01 
 5.36169321e-07 -1.06187168e-01 
 5.37169321e-07 -6.70369232e-01 
 5.38169321e-07 -9.78493034e-01 
 5.39169321e-07 -9.12865755e-01 
 5.40169321e-07 -4.98554785e-01 
 5.41169321e-07  1.06187168e-01 
 5.42169321e-07  6.70369232e-01 
 5.43169321e-07  9.78493034e-01 
 5.44169321e-07  9.12865755e-01 
 5.45169321e-07  4.98554785e-01 
 5.46169321e-07 -1.06187168e-01 
 5.47169321e-07 -6.70369232e-01 
 5.48169321e-07 -9.78493034e-01 
 5.49169321e-07 -9.12865755e-01 
 5.50169321e-07 -4.98554785e-01 
 5.51169321e-07  1.06187168e-01 
 5.52169321e-07  6.70369232e-01 
 5.53169321e-07  9.78493034e-01 
 5.54169321e-07  9.12865755e-01 
 5.55169321e-07  4.98554785e-01 
 5.56169321e-07 -1.06187168e-01 
 5.57169321e-07 -6.70369232e-01 
 5.58169321e-07 -9.78493034e-01 
 5.59169321e-07 -9.12865755e-01 
 5.60169321e-07 -4.98554785e-01 
 5.61169321e-07  1.06187168e-01 
 5.62169321e-07  6.70369232e-01 
 5.63169321e-07  9.78493034e-01 
 5.64169321e-07  9.12865755e-01 
 5.65169321e-07  4.98554785e-01 
 5.66169321e-07 -1.06187168e-01 
 5.67169321e-07 -6.70369232e-01 
 5.68169321e-07 -9.78493034e-01 
 5.69169321e-07 -9.12865755e-01 
 5.70169321e-07 -4.98554785e-01 
 5.71169321e-07  1.06187168e-01 
 5.72169321e-07  6.70369232e-01 
 5.73169321e-07  9.78493034e-01 
 5.74169321e-07  9.12865755e-01 
 5.75169321e-07  4.98554785e-01 
 5.76169321e-07 -1.06187168e-01 
 5.77169321e-07 -6.70369232e-01 
 5.78169321e-07 -9.78493034e-01 
 5.79169321e-07 -9.12865755e-01 
 5.80169321e-07 -4.98554785e-01 
 5.81169321e-07  1.06187168e-01 
 5.82169321e-07  6.70369231e-01 
 5.83169321e-07  9.78493034e-01 
 5.84169321e-07  9.12865755e-01 
 5.85169321e-07  4.98554785e-01 
 5.86169321e-07 -1.06187168e-01 
 5.87169321e-07 -6.70369231e-01 
 5.88169321e-07 -9.78493034e-01 
 5.89169321e-07 -9.12865755e-01 
 5.90169321e-07 -4.98554785e-01 
 5.91169321e-07  1.06187168e-01 
 5.92169321e-07  6.70369231e-01 
 5.93169321e-07  9.78493034e-01 
 5.94169321e-07  9.12865755e-01 
 5.95169321e-07  4.98554785e-01 
 5.96169321e-07 -1.06187168e-01 
 5.97169321e-07 -6.70369231e-01 
 5.98169321e-07 -9.78493034e-01 
 5.99169321e-07 -9.12865755e-01 
 6.00169321e-07 -4.98554785e-01 
 6.01169321e-07  1.06187168e-01 
 6.02169321e-07  6.70369231e-01 
 6.03169321e-07  9.78493034e-01 
 6.04169321e-07  9.12865755e-01 
 6.05169321e-07  4.98554785e-01 
 6.06169321e-07 -1.06187168e-01 
 6.07169321e-07 -6.70369231e-01 
 6.08169321e-07 -9.78493034e-01 
 6.09169321e-07 -9.12865755e-01 
 6.10169321e-07 -4.98554785e-01 
 6.11169321e-07  1.06187168e-01 
 6.12169321e-07  6.70369231e-01 
 6.13169321e-07  9.78493034e-01 
 6.14169321e-07  9.12865755e-01 
 6.15169321e-07  4.98554785e-01 
 6.16169321e-07 -1.06187168e-01 
 6.17169321e-07 -6.70369231e-01 
 6.18169321e-07 -9.78493034e-01 
 6.19169321e-07 -9.12865755e-01 
 6.20169321e-07 -4.98554785e-01 
 6.21169321e-07  1.06187168e-01 
 6.22169321e-07  6.70369231e-01 
 6.23169321e-07  9.78493034e-01 
 6.24169321e-07  9.12865755e-01 
 6.25169321e-07  4.98554785e-01 
 6.26169321e-07 -1.06187168e-01 
 6.27169321e-07 -6.70369231e-01 
 6.28169321e-07 -9.78493034e-01 
 6.29169321e-07 -9.12865755e-01 
 6.30169321e-07 -4.98554785e-01 
 6.31169321e-07  1.06187168e-01 
 6.32169321e-07  6.70369231e-01 
 6.33169321e-07  9.78493034e-01 
 6.34169321e-07  9.12865755e-01 
 6.35169321e-07  4.98554785e-01 
 6.36169321e-07 -1.06187168e-01 
 6.37169321e-07 -6.70369231e-01 
 6.38169321e-07 -9.78493034e-01 
 6.39169321e-07 -9.12865755e-01 
 6.40169321e-07 -4.98554785e-01 
 6.41169321e-07  1.06187168e-01 
 6.42169321e-07  6.70369231e-01 
 6.43169321e-07  9.78493034e-01 
 6.44169321e-07  9.12865755e-01 
 6.45169321e-07  4.98554785e-01 
 6.46169321e-07 -1.06187168e-01 
 6.47169321e-07 -6.70369231e-01 
 6.48169321e-07 -9.78493034e-01 
 6.49169321e-07 -9.12865755e-01 
 6.50169321e-07 -4.98554785e-01 
 6.51169321e-07  1.06187168e-01 
 6.52169321e-07  6.70369231e-01 
 6.53169321e-07  9.78493034e-01 
 6.54169321e-07  9.12865755e-01 
 6.55169321e-07  4.98554785e-01 
 6.56169321e-07 -1.06187168e-01 
 6.57169321e-07 -6.70369231e-01 
 6.58169321e-07 -9.78493034e-01 
 6.59169321e-07 -9.12865755e-01 
 6.60169321e-07 -4.98554785e-01 
 6.61169321e-07  1.06187168e-01 
 6.62169321e-07  6.70369231e-01 
 6.63169321e-07  9.78493034e-01 
 6.64169321e-07  9.12865755e-01 
 6.65169321e-07  4.98554785e-01 
 6.66169321e-07 -1.06187168e-01 
 6.67169321e-07 -6.70369231e-01 
 6.68169321e-07 -9.78493034e-01 
 6.69169321e-07 -9.12865755e-01 
 6.70169321e-07 -4.98554785e-01 
 6.71169321e-07  1.06187168e-01 
 6.72169321e-07  6.70369231e-01 
 6.73169321e-07  9.78493034e-01 
 6.74169321e-07  9.12865755e-01 
 6.75169321e-07  4.98554785e-01 
 6.76169321e-07 -1.06187168e-01 
 6.77169321e-07 -6.70369231e-01 
 6.78169321e-07 -9.78493034e-01 
 6.79169321e-07 -9.12865755e-01 
 6.80169321e-07 -4.98554785e-01 
 6.81169321e-07  1.06187168e-01 
 6.82169321e-07  6.70369231e-01 
 6.83169321e-07  9.78493034e-01 
 6.84169321e-07  9.12865755e-01 
 6.85169321e-07  4.98554785e-01 
 6.86169321e-07 -1.06187168e-01 
 6.87169321e-07 -6.70369231e-01 
 6.88169321e-07 -9.78493034e-01 
 6.89169321e-07 -9.12865755e-01 
 6.90169321e-07 -4.98554785e-01 
 6.91169321e-07  1.06187168e-01 
 6.92169321e-07  6.70369231e-01 
 6.93169321e-07  9.78493034e-01 
 6.94169321e-07  9.12865755e-01 
 6.95169321e-07  4.98554785e-01 
 6.96169321e-07 -1.06187168e-01 
 6.97169321e-07 -6.70369231e-01 
 6.98169321e-07 -9.78493034e-01 
 6.99169321e-07 -9.12865755e-01 
 7.00169321e-07 -4.98554785e-01 
 7.01169321e-07  1.06187168e-01 
 7.02169321e-07  6.70369231e-01 
 7.03169321e-07  9.78493034e-01 
 7.04169321e-07  9.12865755e-01 
 7.05169321e-07  4.98554785e-01 
 7.06169321e-07 -1.06187168e-01 
 7.07169321e-07 -6.70369231e-01 
 7.08169321e-07 -9.78493034e-01 
 7.09169321e-07 -9.12865755e-01 
 7.10169321e-07 -4.98554785e-01 
 7.11169321e-07  1.06187168e-01 
 7.12169321e-07  6.70369231e-01 
 7.13169321e-07  9.78493034e-01 
 7.14169321e-07  9.12865755e-01 
 7.15169321e-07  4.98554785e-01 
 7.16169321e-07 -1.06187168e-01 
 7.17169321e-07 -6.70369231e-01 
 7.18169321e-07 -9.78493034e-01 
 7.19169321e-07 -9.12865755e-01 
 7.20169321e-07 -4.98554785e-01 
 7.21169321e-07  1.06187168e-01 
 7.22169321e-07  6.70369231e-01 
 7.23169321e-07  9.78493034e-01 
 7.24169321e-07  9.12865755e-01 
 7.25169321e-07  4.98554785e-01 
 7.26169321e-07 -1.06187168e-01 
 7.27169321e-07 -6.70369231e-01 
 7.28169321e-07 -9.78493034e-01 
 7.29169321e-07 -9.12865755e-01 
 7.30169321e-07 -4.98554785e-01 
 7.31169321e-07  1.06187168e-01 
 7.32169321e-07  6.70369231e-01 
 7.33169321e-07  9.78493034e-01 
 7.34169321e-07  9.12865755e-01 
 7.35169321e-07  4.98554785e-01 
 7.36169321e-07 -1.06187168e-01 
 7.37169321e-07 -6.70369231e-01 
 7.38169321e-07 -9.78493034e-01 
 7.39169321e-07 -9.12865755e-01 
 7.40169321e-07 -4.98554785e-01 
 7.41169321e-07  1.06187168e-01 
 7.42169321e-07  6.70369231e-01 
 7.43169321e-07  9.78493034e-01 
 7.44169321e-07  9.12865755e-01 
 7.45169321e-07  4.98554785e-01 
 7.46169321e-07 -1.06187168e-01 
 7.47169321e-07 -6.70369231e-01 
 7.48169321e-07 -9.78493034e-01 
 7.49169321e-07 -9.12865755e-01 
 7.50169321e-07 -4.98554785e-01 
 7.51169321e-07  1.06187168e-01 
 7.52169321e-07  6.70369231e-01 
 7.53169321e-07  9.78493034e-01 
 7.54169321e-07  9.12865755e-01 
 7.55169321e-07  4.98554785e-01 
 7.56169321e-07 -1.06187168e-01 
 7.57169321e-07 -6.70369231e-01 
 7.58169321e-07 -9.78493034e-01 
 7.59169321e-07 -9.12865755e-01 
 7.60169321e-07 -4.98554785e-01 
 7.61169321e-07  1.06187168e-01 
 7.62169321e-07  6.70369231e-01 
 7.63169321e-07  9.78493034e-01 
 7.64169321e-07  9.12865755e-01 
 7.65169321e-07  4.98554785e-01 
 7.66169321e-07 -1.06187168e-01 
 7.67169321e-07 -6.70369231e-01 
 7.68169321e-07 -9.78493034e-01 
 7.69169321e-07 -9.12865755e-01 
 7.70169321e-07 -4.98554785e-01 
 7.71169321e-07  1.06187168e-01 
 7.72169321e-07  6.70369231e-01 
 7.73169321e-07  9.78493034e-01 
 7.74169321e-07  9.12865755e-01 
 7.75169321e-07  4.98554785e-01 
 7.76169321e-07 -1.06187168e-01 
 7.77169321e-07 -6.70369231e-01 
 7.78169321e-07 -9.78493034e-01 
 7.79169321e-07 -9.12865755e-01 
 7.80169321e-07 -4.98554785e-01 
 7.81169321e-07  1.06187168e-01 
 7.82169321e-07  6.70369231e-01 
 7.83169321e-07  9.78493034e-01 
 7.84169321e-07  9.12865755e-01 
 7.85169321e-07  4.98554785e-01 
 7.86169321e-07 -1.06187168e-01 
 7.87169321e-07 -6.70369231e-01 
 7.88169321e-07 -9.78493034e-01 
 7.89169321e-07 -9.12865755e-01 
 7.90169321e-07 -4.98554785e-01 
 7.91169321e-07  1.06187168e-01 
 7.92169321e-07  6.70369231e-01 
 7.93169321e-07  9.78493034e-01 
 7.94169321e-07  9.12865755e-01 
 7.95169321e-07  4.98554785e-01 
 7.96169321e-07 -1.06187168e-01 
 7.97169321e-07 -6.70369231e-01 
 7.98169321e-07 -9.78493034e-01 
 7.99169321e-07 -9.12865755e-01 
 8.00169321e-07 -4.98554785e-01 
 8.01169321e-07  1.06187168e-01 
 8.02169321e-07  6.70369231e-01 
 8.03169321e-07  9.78493034e-01 
 8.04169321e-07  9.12865755e-01 
 8.05169321e-07  4.98554785e-01 
 8.06169321e-07 -1.06187168e-01 
 8.07169321e-07 -6.70369231e-01 
 8.08169321e-07 -9.78493034e-01 
 8.09169321e-07 -9.12865755e-01 
 8.10169321e-07 -4.98554785e-01 
 8.11169321e-07  1.06187168e-01 
 8.12169321e-07  6.70369231e-01 
 8.13169321e-07  9.78493034e-01 
 8.14169321e-07  9.12865755e-01 
 8.15169321e-07  4.98554785e-01 
 8.16169321e-07 -1.06187168e-01 
 8.17169321e-07 -6.70369231e-01 
 8.18169321e-07 -9.78493034e-01 
 8.19169321e-07 -9.12865755e-01 
 8.20169321e-07 -4.98554785e-01 
 8.21169321e-07  1.06187168e-01 
 8.22169321e-07  6.70369231e-01 
 8.23169321e-07  9.78493034e-01 
 8.24169321e-07  9.12865755e-01 
 8.25169321e-07  4.98554785e-01 
 8.26169321e-07 -1.06187168e-01 
 8.27169321e-07 -6.70369231e-01 
 8.28169321e-07 -9.78493034e-01 
 8.29169321e-07 -9.12865755e-01 
 8.30169321e-07 -4.98554785e-01 
 8.31169321e-07  1.06187168e-01 
 8.32169321e-07  6.70369231e-01 
 8.33169321e-07  9.78493034e-01 
 8.34169321e-07  9.12865755e-01 
 8.35169321e-07  4.98554785e-01 
 8.36169321e-07 -1.06187168e-01 
 8.37169321e-07 -6.70369231e-01 
 8.38169321e-07 -9.78493034e-01 
 8.39169321e-07 -9.12865755e-01 
 8.40169321e-07 -4.98554785e-01 
 8.41169321e-07  1.06187168e-01 
 8.42169321e-07  6.70369231e-01 
 8.43169321e-07  9.78493034e-01 
 8.44169321e-07  9.12865755e-01 
 8.45169321e-07  4.98554785e-01 
 8.46169321e-07 -1.06187168e-01 
 8.47169321e-07 -6.70369231e-01 
 8.48169321e-07 -9.78493034e-01 
 8.49169321e-07 -9.12865755e-01 
 8.50169321e-07 -4.98554785e-01 
 8.51169321e-07  1.06187168e-01 
 8.52169321e-07  6.70369231e-01 
 8.53169321e-07  9.78493034e-01 
 8.54169321e-07  9.12865755e-01 
 8.55169321e-07  4.98554785e-01 
 8.56169321e-07 -1.06187168e-01 
 8.57169321e-07 -6.70369231e-01 
 8.58169321e-07 -9.78493034e-01 
 8.59169321e-07 -9.12865755e-01 
 8.60169321e-07 -4.98554785e-01 
 8.61169321e-07  1.06187168e-01 
 8.62169321e-07  6.70369231e-01 
 8.63169321e-07  9.78493034e-01 
 8.64169321e-07  9.12865755e-01 
 8.65169321e-07  4.98554785e-01 
 8.66169321e-07 -1.06187168e-01 
 8.67169321e-07 -6.70369231e-01 
 8.68169321e-07 -9.78493034e-01 
 8.69169321e-07 -9.12865755e-01 
 8.70169321e-07 -4.98554785e-01 
 8.71169321e-07  1.06187168e-01 
 8.72169321e-07  6.70369231e-01 
 8.73169321e-07  9.78493034e-01 
 8.74169321e-07  9.12865755e-01 
 8.75169321e-07  4.98554785e-01 
 8.76169321e-07 -1.06187168e-01 
 8.77169321e-07 -6.70369231e-01 
 8.78169321e-07 -9.78493034e-01 
 8.79169321e-07 -9.12865755e-01 
 8.80169321e-07 -4.98554785e-01 
 8.81169321e-07  1.06187168e-01 
 8.82169321e-07  6.70369231e-01 
 8.83169321e-07  9.78493034e-01 
 8.84169321e-07  9.12865755e-01 
 8.85169321e-07  4.98554785e-01 
 8.86169321e-07 -1.06187168e-01 
 8.87169321e-07 -6.70369231e-01 
 8.88169321e-07 -9.78493034e-01 
 8.89169321e-07 -9.12865755e-01 
 8.90169321e-07 -4.98554785e-01 
 8.91169321e-07  1.06187168e-01 
 8.92169321e-07  6.70369231e-01 
 8.93169321e-07  9.78493034e-01 
 8.94169321e-07  9.12865755e-01 
 8.95169321e-07  4.98554785e-01 
 8.96169321e-07 -1.06187168e-01 
 8.97169321e-07 -6.70369231e-01 
 8.98169321e-07 -9.78493034e-01 
 8.99169321e-07 -9.12865755e-01 
 9.00169321e-07 -4.98554785e-01 
 9.01169321e-07  1.06187168e-01 
 9.02169321e-07  6.70369231e-01 
 9.03169321e-07  9.78493034e-01 
 9.04169321e-07  9.12865755e-01 
 9.05169321e-07  4.98554785e-01 
 9.06169321e-07 -1.06187168e-01 
 9.07169321e-07 -6.70369231e-01 
 9.08169321e-07 -9.78493034e-01 
 9.09169321e-07 -9.12865755e-01 
 9.10169321e-07 -4.98554785e-01 
 9.11169321e-07  1.06187168e-01 
 9.12169321e-07  6.70369231e-01 
 9.13169321e-07  9.78493034e-01 
 9.14169321e-07  9.12865755e-01 
 9.15169321e-07  4.98554785e-01 
 9.16169321e-07 -1.06187168e-01 
 9.17169321e-07 -6.70369231e-01 
 9.18169321e-07 -9.78493034e-01 
 9.19169321e-07 -9.12865755e-01 
 9.20169321e-07 -4.98554785e-01 
 9.21169321e-07  1.06187168e-01 
 9.22169321e-07  6.70369231e-01 
 9.23169321e-07  9.78493034e-01 
 9.24169321e-07  9.12865755e-01 
 9.25169321e-07  4.98554785e-01 
 9.26169321e-07 -1.06187168e-01 
 9.27169321e-07 -6.70369231e-01 
 9.28169321e-07 -9.78493034e-01 
 9.29169321e-07 -9.12865755e-01 
 9.30169321e-07 -4.98554785e-01 
 9.31169321e-07  1.06187168e-01 
 9.32169321e-07  6.70369231e-01 
 9.33169321e-07  9.78493034e-01 
 9.34169321e-07  9.12865755e-01 
 9.35169321e-07  4.98554785e-01 
 9.36169321e-07 -1.06187168e-01 
 9.37169321e-07 -6.70369231e-01 
 9.38169321e-07 -9.78493034e-01 
 9.39169321e-07 -9.12865755e-01 
 9.40169321e-07 -4.98554785e-01 
 9.41169321e-07  1.06187168e-01 
 9.42169321e-07  6.70369231e-01 
 9.43169321e-07  9.78493034e-01 
 9.44169321e-07  9.12865755e-01 
 9.45169321e-07  4.98554785e-01 
 9.46169321e-07 -1.06187168e-01 
 9.47169321e-07 -6.70369231e-01 
 9.48169321e-07 -9.78493034e-01 
 9.49169321e-07 -9.12865755e-01 
 9.50169321e-07 -4.98554785e-01 
 9.51169321e-07  1.06187168e-01 
 9.52169321e-07  6.70369231e-01 
 9.53169321e-07  9.78493034e-01 
 9.54169321e-07  9.12865755e-01 
 9.55169321e-07  4.98554785e-01 
 9.56169321e-07 -1.06187168e-01 
 9.57169321e-07 -6.70369231e-01 
 9.58169321e-07 -9.78493034e-01 
 9.59169321e-07 -9.12865755e-01 
 9.60169321e-07 -4.98554785e-01 
 9.61169321e-07  1.06187168e-01 
 9.62169321e-07  6.70369231e-01 
 9.63169321e-07  9.78493034e-01 
 9.64169321e-07  9.12865755e-01 
 9.65169321e-07  4.98554785e-01 
 9.66169321e-07 -1.06187168e-01 
 9.67169321e-07 -6.70369231e-01 
 9.68169321e-07 -9.78493034e-01 
 9.69169321e-07 -9.12865755e-01 
 9.70169321e-07 -4.98554785e-01 
 9.71169321e-07  1.06187168e-01 
 9.72169321e-07  6.70369231e-01 
 9.73169321e-07  9.78493034e-01 
 9.74169321e-07  9.12865755e-01 
 9.75169321e-07  4.98554785e-01 
 9.76169321e-07 -1.06187168e-01 
 9.77169321e-07 -6.70369231e-01 
 9.78169321e-07 -9.78493034e-01 
 9.79169321e-07 -9.12865755e-01 
 9.80169321e-07 -4.98554785e-01 
 9.81169321e-07  1.06187168e-01 
 9.82169321e-07  6.70369231e-01 
 9.83169321e-07  9.78493034e-01 
 9.84169321e-07  9.12865755e-01 
 9.85169321e-07  4.98554785e-01 
 9.86169321e-07 -1.06187168e-01 
 9.87169321e-07 -6.70369231e-01 
 9.88169321e-07 -9.78493034e-01 
 9.89169321e-07 -9.12865755e-01 
 9.90169321e-07 -4.98554785e-01 
 9.91169321e-07  1.06187168e-01 
 9.92169321e-07  6.70369231e-01 
 9.93169321e-07  9.78493034e-01 
 9.94169321e-07  9.12865755e-01 
 9.95169321e-07  4.98554785e-01 
 9.96169321e-07 -1.06187168e-01 
 9.97169321e-07 -6.70369231e-01 
 9.98169321e-07 -9.78493034e-01 
 9.99169321e-07 -9.12865755e-01 
 1.00000000e-06 -5.87785252e-01 
