0.0 0.0
1e-11 0.0
2e-11 0.0
4e-11 0.0
8e-11 0.0
1.6e-10 0.0
3.2e-10 0.0
6.4e-10 0.0
9.76565613e-10 0.0
1.36932259e-09 0.0
1.72788943e-09 0.0
2.38118598e-09 1.0
3.16932135e-09 1.0
4.16932135e-09 1.0
5.16932135e-09 1.0
6.16932135e-09 1.0
7.16932135e-09 0.0
8.16932135e-09 0.0
9.16932135e-09 0.0
1.01693214e-08 0.0
1.11693214e-08 0.0
1.21693214e-08 0.0
1.31693214e-08 1.0
1.41693214e-08 1.0
1.51693214e-08 1.0
1.61693214e-08 1.0
1.71693214e-08 0.0
1.81693214e-08 0.0
1.91693214e-08 0.0
2.01693214e-08 0.0
2.11693214e-08 0.0
2.21693214e-08 0.0
2.31693214e-08 1.0
2.41693214e-08 1.0
2.51693214e-08 1.0
2.61693214e-08 1.0
2.71693214e-08 0.0
2.81693214e-08 0.0
2.91693214e-08 0.0
3.01693214e-08 0.0
3.11693214e-08 0.0
3.21693214e-08 0.0
3.31693214e-08 1.0
3.41693214e-08 1.0
3.51693214e-08 1.0
3.61693214e-08 1.0
3.71693214e-08 0.0
3.81693214e-08 0.0
3.91693214e-08 0.0
4.01693214e-08 0.0
4.11693214e-08 0.0
4.21693214e-08 0.0
4.31693214e-08 1.0
4.41693214e-08 1.0
4.51693214e-08 1.0
4.61693214e-08 1.0
4.71693214e-08 0.0
4.81693214e-08 0.0
4.91693214e-08 0.0
5.01693214e-08 0.0
5.11693214e-08 0.0
5.21693214e-08 0.0
5.31693214e-08 1.0
5.41693214e-08 1.0
5.51693214e-08 1.0
5.61693214e-08 1.0
5.71693214e-08 0.0
5.81693214e-08 0.0
5.91693214e-08 0.0
6.01693214e-08 0.0
6.11693214e-08 0.0
6.21693214e-08 0.0
6.31693214e-08 1.0
6.41693214e-08 1.0
6.51693214e-08 1.0
6.61693214e-08 1.0
6.71693214e-08 0.0
6.81693214e-08 0.0
6.91693214e-08 0.0
7.01693214e-08 0.0
7.11693214e-08 0.0
7.21693214e-08 0.0
7.31693214e-08 1.0
7.41693214e-08 1.0
7.51693214e-08 1.0
7.61693214e-08 1.0
7.71693214e-08 0.0
7.81693214e-08 0.0
7.91693214e-08 0.0
8.01693214e-08 0.0
8.11693214e-08 0.0
8.21693214e-08 0.0
8.31693214e-08 1.0
8.41693214e-08 1.0
8.51693214e-08 1.0
8.61693214e-08 1.0
8.71693214e-08 0.0
8.81693214e-08 0.0
8.91693214e-08 0.0
9.01693214e-08 0.0
9.11693214e-08 0.0
9.21693214e-08 0.0
9.31693214e-08 1.0
9.41693214e-08 1.0
9.51693214e-08 1.0
9.61693214e-08 1.0
9.71693214e-08 0.0
9.81693214e-08 0.0
9.91693214e-08 0.0
1.00169321e-07 0.0
1.01169321e-07 0.0
1.02169321e-07 0.0
1.03169321e-07 1.0
1.04169321e-07 1.0
1.05169321e-07 1.0
1.06169321e-07 1.0
1.07169321e-07 0.0
1.08169321e-07 0.0
1.09169321e-07 0.0
1.10169321e-07 0.0
1.11169321e-07 0.0
1.12169321e-07 0.0
1.13169321e-07 1.0
1.14169321e-07 1.0
1.15169321e-07 1.0
1.16169321e-07 1.0
1.17169321e-07 0.0
1.18169321e-07 0.0
1.19169321e-07 0.0
1.20169321e-07 0.0
1.21169321e-07 0.0
1.22169321e-07 0.0
1.23169321e-07 1.0
1.24169321e-07 1.0
1.25169321e-07 1.0
1.26169321e-07 1.0
1.27169321e-07 0.0
1.28169321e-07 0.0
1.29169321e-07 0.0
1.30169321e-07 0.0
1.31169321e-07 0.0
1.32169321e-07 0.0
1.33169321e-07 1.0
1.34169321e-07 1.0
1.35169321e-07 1.0
1.36169321e-07 1.0
1.37169321e-07 0.0
1.38169321e-07 0.0
1.39169321e-07 0.0
1.40169321e-07 0.0
1.41169321e-07 0.0
1.42169321e-07 0.0
1.43169321e-07 1.0
1.44169321e-07 1.0
1.45169321e-07 1.0
1.46169321e-07 1.0
1.47169321e-07 0.0
1.48169321e-07 0.0
1.49169321e-07 0.0
1.50169321e-07 0.0
1.51169321e-07 0.0
1.52169321e-07 0.0
1.53169321e-07 1.0
1.54169321e-07 1.0
1.55169321e-07 1.0
1.56169321e-07 1.0
1.57169321e-07 0.0
1.58169321e-07 0.0
1.59169321e-07 0.0
1.60169321e-07 0.0
1.61169321e-07 0.0
1.62169321e-07 0.0
1.63169321e-07 1.0
1.64169321e-07 1.0
1.65169321e-07 1.0
1.66169321e-07 1.0
1.67169321e-07 0.0
1.68169321e-07 0.0
1.69169321e-07 0.0
1.70169321e-07 0.0
1.71169321e-07 0.0
1.72169321e-07 0.0
1.73169321e-07 1.0
1.74169321e-07 1.0
1.75169321e-07 1.0
1.76169321e-07 1.0
1.77169321e-07 0.0
1.78169321e-07 0.0
1.79169321e-07 0.0
1.80169321e-07 0.0
1.81169321e-07 0.0
1.82169321e-07 0.0
1.83169321e-07 1.0
1.84169321e-07 1.0
1.85169321e-07 1.0
1.86169321e-07 1.0
1.87169321e-07 0.0
1.88169321e-07 0.0
1.89169321e-07 0.0
1.90169321e-07 0.0
1.91169321e-07 0.0
1.92169321e-07 0.0
1.93169321e-07 1.0
1.94169321e-07 1.0
1.95169321e-07 1.0
1.96169321e-07 1.0
1.97169321e-07 0.0
1.98169321e-07 0.0
1.99169321e-07 0.0
2.00169321e-07 0.0
2.01169321e-07 0.0
2.02169321e-07 0.0
2.03169321e-07 1.0
2.04169321e-07 1.0
2.05169321e-07 1.0
2.06169321e-07 1.0
2.07169321e-07 0.0
2.08169321e-07 0.0
2.09169321e-07 0.0
2.10169321e-07 0.0
2.11169321e-07 0.0
2.12169321e-07 0.0
2.13169321e-07 1.0
2.14169321e-07 1.0
2.15169321e-07 1.0
2.16169321e-07 1.0
2.17169321e-07 0.0
2.18169321e-07 0.0
2.19169321e-07 0.0
2.20169321e-07 0.0
2.21169321e-07 0.0
2.22169321e-07 0.0
2.23169321e-07 1.0
2.24169321e-07 1.0
2.25169321e-07 1.0
2.26169321e-07 1.0
2.27169321e-07 0.0
2.28169321e-07 0.0
2.29169321e-07 0.0
2.30169321e-07 0.0
2.31169321e-07 0.0
2.32169321e-07 0.0
2.33169321e-07 1.0
2.34169321e-07 1.0
2.35169321e-07 1.0
2.36169321e-07 1.0
2.37169321e-07 0.0
2.38169321e-07 0.0
2.39169321e-07 0.0
2.40169321e-07 0.0
2.41169321e-07 0.0
2.42169321e-07 0.0
2.43169321e-07 1.0
2.44169321e-07 1.0
2.45169321e-07 1.0
2.46169321e-07 1.0
2.47169321e-07 0.0
2.48169321e-07 0.0
2.49169321e-07 0.0
2.50169321e-07 0.0
2.51169321e-07 0.0
2.52169321e-07 0.0
2.53169321e-07 1.0
2.54169321e-07 1.0
2.55169321e-07 1.0
2.56169321e-07 1.0
2.57169321e-07 0.0
2.58169321e-07 0.0
2.59169321e-07 0.0
2.60169321e-07 0.0
2.61169321e-07 0.0
2.62169321e-07 0.0
2.63169321e-07 1.0
2.64169321e-07 1.0
2.65169321e-07 1.0
2.66169321e-07 1.0
2.67169321e-07 0.0
2.68169321e-07 0.0
2.69169321e-07 0.0
2.70169321e-07 0.0
2.71169321e-07 0.0
2.72169321e-07 0.0
2.73169321e-07 1.0
2.74169321e-07 1.0
2.75169321e-07 1.0
2.76169321e-07 1.0
2.77169321e-07 0.0
2.78169321e-07 0.0
2.79169321e-07 0.0
2.80169321e-07 0.0
2.81169321e-07 0.0
2.82169321e-07 0.0
2.83169321e-07 1.0
2.84169321e-07 1.0
2.85169321e-07 1.0
2.86169321e-07 1.0
2.87169321e-07 0.0
2.88169321e-07 0.0
2.89169321e-07 0.0
2.90169321e-07 0.0
2.91169321e-07 0.0
2.92169321e-07 0.0
2.93169321e-07 1.0
2.94169321e-07 1.0
2.95169321e-07 1.0
2.96169321e-07 1.0
2.97169321e-07 0.0
2.98169321e-07 0.0
2.99169321e-07 0.0
3.00169321e-07 0.0
3.01169321e-07 0.0
3.02169321e-07 0.0
3.03169321e-07 1.0
3.04169321e-07 1.0
3.05169321e-07 1.0
3.06169321e-07 1.0
3.07169321e-07 0.0
3.08169321e-07 0.0
3.09169321e-07 0.0
3.10169321e-07 0.0
3.11169321e-07 0.0
3.12169321e-07 0.0
3.13169321e-07 1.0
3.14169321e-07 1.0
3.15169321e-07 1.0
3.16169321e-07 1.0
3.17169321e-07 0.0
3.18169321e-07 0.0
3.19169321e-07 0.0
3.20169321e-07 0.0
3.21169321e-07 0.0
3.22169321e-07 0.0
3.23169321e-07 1.0
3.24169321e-07 1.0
3.25169321e-07 1.0
3.26169321e-07 1.0
3.27169321e-07 0.0
3.28169321e-07 0.0
3.29169321e-07 0.0
3.30169321e-07 0.0
3.31169321e-07 0.0
3.32169321e-07 0.0
3.33169321e-07 1.0
3.34169321e-07 1.0
3.35169321e-07 1.0
3.36169321e-07 1.0
3.37169321e-07 0.0
3.38169321e-07 0.0
3.39169321e-07 0.0
3.40169321e-07 0.0
3.41169321e-07 0.0
3.42169321e-07 0.0
3.43169321e-07 1.0
3.44169321e-07 1.0
3.45169321e-07 1.0
3.46169321e-07 1.0
3.47169321e-07 0.0
3.48169321e-07 0.0
3.49169321e-07 0.0
3.50169321e-07 0.0
3.51169321e-07 0.0
3.52169321e-07 0.0
3.53169321e-07 1.0
3.54169321e-07 1.0
3.55169321e-07 1.0
3.56169321e-07 1.0
3.57169321e-07 0.0
3.58169321e-07 0.0
3.59169321e-07 0.0
3.60169321e-07 0.0
3.61169321e-07 0.0
3.62169321e-07 0.0
3.63169321e-07 1.0
3.64169321e-07 1.0
3.65169321e-07 1.0
3.66169321e-07 1.0
3.67169321e-07 0.0
3.68169321e-07 0.0
3.69169321e-07 0.0
3.70169321e-07 0.0
3.71169321e-07 0.0
3.72169321e-07 0.0
3.73169321e-07 1.0
3.74169321e-07 1.0
3.75169321e-07 1.0
3.76169321e-07 1.0
3.77169321e-07 0.0
3.78169321e-07 0.0
3.79169321e-07 0.0
3.80169321e-07 0.0
3.81169321e-07 0.0
3.82169321e-07 0.0
3.83169321e-07 1.0
3.84169321e-07 1.0
3.85169321e-07 1.0
3.86169321e-07 1.0
3.87169321e-07 0.0
3.88169321e-07 0.0
3.89169321e-07 0.0
3.90169321e-07 0.0
3.91169321e-07 0.0
3.92169321e-07 0.0
3.93169321e-07 1.0
3.94169321e-07 1.0
3.95169321e-07 1.0
3.96169321e-07 1.0
3.97169321e-07 0.0
3.98169321e-07 0.0
3.99169321e-07 0.0
4.00169321e-07 0.0
4.01169321e-07 0.0
4.02169321e-07 0.0
4.03169321e-07 1.0
4.04169321e-07 1.0
4.05169321e-07 1.0
4.06169321e-07 1.0
4.07169321e-07 0.0
4.08169321e-07 0.0
4.09169321e-07 0.0
4.10169321e-07 0.0
4.11169321e-07 0.0
4.12169321e-07 0.0
4.13169321e-07 1.0
4.14169321e-07 1.0
4.15169321e-07 1.0
4.16169321e-07 1.0
4.17169321e-07 0.0
4.18169321e-07 0.0
4.19169321e-07 0.0
4.20169321e-07 0.0
4.21169321e-07 0.0
4.22169321e-07 0.0
4.23169321e-07 1.0
4.24169321e-07 1.0
4.25169321e-07 1.0
4.26169321e-07 1.0
4.27169321e-07 0.0
4.28169321e-07 0.0
4.29169321e-07 0.0
4.30169321e-07 0.0
4.31169321e-07 0.0
4.32169321e-07 0.0
4.33169321e-07 1.0
4.34169321e-07 1.0
4.35169321e-07 1.0
4.36169321e-07 1.0
4.37169321e-07 0.0
4.38169321e-07 0.0
4.39169321e-07 0.0
4.40169321e-07 0.0
4.41169321e-07 0.0
4.42169321e-07 0.0
4.43169321e-07 1.0
4.44169321e-07 1.0
4.45169321e-07 1.0
4.46169321e-07 1.0
4.47169321e-07 0.0
4.48169321e-07 0.0
4.49169321e-07 0.0
4.50169321e-07 0.0
4.51169321e-07 0.0
4.52169321e-07 0.0
4.53169321e-07 1.0
4.54169321e-07 1.0
4.55169321e-07 1.0
4.56169321e-07 1.0
4.57169321e-07 0.0
4.58169321e-07 0.0
4.59169321e-07 0.0
4.60169321e-07 0.0
4.61169321e-07 0.0
4.62169321e-07 0.0
4.63169321e-07 1.0
4.64169321e-07 1.0
4.65169321e-07 1.0
4.66169321e-07 1.0
4.67169321e-07 0.0
4.68169321e-07 0.0
4.69169321e-07 0.0
4.70169321e-07 0.0
4.71169321e-07 0.0
4.72169321e-07 0.0
4.73169321e-07 1.0
4.74169321e-07 1.0
4.75169321e-07 1.0
4.76169321e-07 1.0
4.77169321e-07 0.0
4.78169321e-07 0.0
4.79169321e-07 0.0
4.80169321e-07 0.0
4.81169321e-07 0.0
4.82169321e-07 0.0
4.83169321e-07 1.0
4.84169321e-07 1.0
4.85169321e-07 1.0
4.86169321e-07 1.0
4.87169321e-07 0.0
4.88169321e-07 0.0
4.89169321e-07 0.0
4.90169321e-07 0.0
4.91169321e-07 0.0
4.92169321e-07 0.0
4.93169321e-07 1.0
4.94169321e-07 1.0
4.95169321e-07 1.0
4.96169321e-07 1.0
4.97169321e-07 0.0
4.98169321e-07 0.0
4.99169321e-07 0.0
5.00169321e-07 0.0
5.01169321e-07 0.0
5.02169321e-07 0.0
5.03169321e-07 1.0
5.04169321e-07 1.0
5.05169321e-07 1.0
5.06169321e-07 1.0
5.07169321e-07 0.0
5.08169321e-07 0.0
5.09169321e-07 0.0
5.10169321e-07 0.0
5.11169321e-07 0.0
5.12169321e-07 0.0
5.13169321e-07 1.0
5.14169321e-07 1.0
5.15169321e-07 1.0
5.16169321e-07 1.0
5.17169321e-07 0.0
5.18169321e-07 0.0
5.19169321e-07 0.0
5.20169321e-07 0.0
5.21169321e-07 0.0
5.22169321e-07 0.0
5.23169321e-07 1.0
5.24169321e-07 1.0
5.25169321e-07 1.0
5.26169321e-07 1.0
5.27169321e-07 0.0
5.28169321e-07 0.0
5.29169321e-07 0.0
5.30169321e-07 0.0
5.31169321e-07 0.0
5.32169321e-07 0.0
5.33169321e-07 1.0
5.34169321e-07 1.0
5.35169321e-07 1.0
5.36169321e-07 1.0
5.37169321e-07 0.0
5.38169321e-07 0.0
5.39169321e-07 0.0
5.40169321e-07 0.0
5.41169321e-07 0.0
5.42169321e-07 0.0
5.43169321e-07 1.0
5.44169321e-07 1.0
5.45169321e-07 1.0
5.46169321e-07 1.0
5.47169321e-07 0.0
5.48169321e-07 0.0
5.49169321e-07 0.0
5.50169321e-07 0.0
5.51169321e-07 0.0
5.52169321e-07 0.0
5.53169321e-07 1.0
5.54169321e-07 1.0
5.55169321e-07 1.0
5.56169321e-07 1.0
5.57169321e-07 0.0
5.58169321e-07 0.0
5.59169321e-07 0.0
5.60169321e-07 0.0
5.61169321e-07 0.0
5.62169321e-07 0.0
5.63169321e-07 1.0
5.64169321e-07 1.0
5.65169321e-07 1.0
5.66169321e-07 1.0
5.67169321e-07 0.0
5.68169321e-07 0.0
5.69169321e-07 0.0
5.70169321e-07 0.0
5.71169321e-07 0.0
5.72169321e-07 0.0
5.73169321e-07 1.0
5.74169321e-07 1.0
5.75169321e-07 1.0
5.76169321e-07 1.0
5.77169321e-07 0.0
5.78169321e-07 0.0
5.79169321e-07 0.0
5.80169321e-07 0.0
5.81169321e-07 0.0
5.82169321e-07 0.0
5.83169321e-07 1.0
5.84169321e-07 1.0
5.85169321e-07 1.0
5.86169321e-07 1.0
5.87169321e-07 0.0
5.88169321e-07 0.0
5.89169321e-07 0.0
5.90169321e-07 0.0
5.91169321e-07 0.0
5.92169321e-07 0.0
5.93169321e-07 1.0
5.94169321e-07 1.0
5.95169321e-07 1.0
5.96169321e-07 1.0
5.97169321e-07 0.0
5.98169321e-07 0.0
5.99169321e-07 0.0
6.00169321e-07 0.0
6.01169321e-07 0.0
6.02169321e-07 0.0
6.03169321e-07 1.0
6.04169321e-07 1.0
6.05169321e-07 1.0
6.06169321e-07 1.0
6.07169321e-07 0.0
6.08169321e-07 0.0
6.09169321e-07 0.0
6.10169321e-07 0.0
6.11169321e-07 0.0
6.12169321e-07 0.0
6.13169321e-07 1.0
6.14169321e-07 1.0
6.15169321e-07 1.0
6.16169321e-07 1.0
6.17169321e-07 0.0
6.18169321e-07 0.0
6.19169321e-07 0.0
6.20169321e-07 0.0
6.21169321e-07 0.0
6.22169321e-07 0.0
6.23169321e-07 1.0
6.24169321e-07 1.0
6.25169321e-07 1.0
6.26169321e-07 1.0
6.27169321e-07 0.0
6.28169321e-07 0.0
6.29169321e-07 0.0
6.30169321e-07 0.0
6.31169321e-07 0.0
6.32169321e-07 0.0
6.33169321e-07 1.0
6.34169321e-07 1.0
6.35169321e-07 1.0
6.36169321e-07 1.0
6.37169321e-07 0.0
6.38169321e-07 0.0
6.39169321e-07 0.0
6.40169321e-07 0.0
6.41169321e-07 0.0
6.42169321e-07 0.0
6.43169321e-07 1.0
6.44169321e-07 1.0
6.45169321e-07 1.0
6.46169321e-07 1.0
6.47169321e-07 0.0
6.48169321e-07 0.0
6.49169321e-07 0.0
6.50169321e-07 0.0
6.51169321e-07 0.0
6.52169321e-07 0.0
6.53169321e-07 1.0
6.54169321e-07 1.0
6.55169321e-07 1.0
6.56169321e-07 1.0
6.57169321e-07 0.0
6.58169321e-07 0.0
6.59169321e-07 0.0
6.60169321e-07 0.0
6.61169321e-07 0.0
6.62169321e-07 0.0
6.63169321e-07 1.0
6.64169321e-07 1.0
6.65169321e-07 1.0
6.66169321e-07 1.0
6.67169321e-07 0.0
6.68169321e-07 0.0
6.69169321e-07 0.0
6.70169321e-07 0.0
6.71169321e-07 0.0
6.72169321e-07 0.0
6.73169321e-07 1.0
6.74169321e-07 1.0
6.75169321e-07 1.0
6.76169321e-07 1.0
6.77169321e-07 0.0
6.78169321e-07 0.0
6.79169321e-07 0.0
6.80169321e-07 0.0
6.81169321e-07 0.0
6.82169321e-07 0.0
6.83169321e-07 1.0
6.84169321e-07 1.0
6.85169321e-07 1.0
6.86169321e-07 1.0
6.87169321e-07 0.0
6.88169321e-07 0.0
6.89169321e-07 0.0
6.90169321e-07 0.0
6.91169321e-07 0.0
6.92169321e-07 0.0
6.93169321e-07 1.0
6.94169321e-07 1.0
6.95169321e-07 1.0
6.96169321e-07 1.0
6.97169321e-07 0.0
6.98169321e-07 0.0
6.99169321e-07 0.0
7.00169321e-07 0.0
7.01169321e-07 0.0
7.02169321e-07 0.0
7.03169321e-07 1.0
7.04169321e-07 1.0
7.05169321e-07 1.0
7.06169321e-07 1.0
7.07169321e-07 0.0
7.08169321e-07 0.0
7.09169321e-07 0.0
7.10169321e-07 0.0
7.11169321e-07 0.0
7.12169321e-07 0.0
7.13169321e-07 1.0
7.14169321e-07 1.0
7.15169321e-07 1.0
7.16169321e-07 1.0
7.17169321e-07 0.0
7.18169321e-07 0.0
7.19169321e-07 0.0
7.20169321e-07 0.0
7.21169321e-07 0.0
7.22169321e-07 0.0
7.23169321e-07 1.0
7.24169321e-07 1.0
7.25169321e-07 1.0
7.26169321e-07 1.0
7.27169321e-07 0.0
7.28169321e-07 0.0
7.29169321e-07 0.0
7.30169321e-07 0.0
7.31169321e-07 0.0
7.32169321e-07 0.0
7.33169321e-07 1.0
7.34169321e-07 1.0
7.35169321e-07 1.0
7.36169321e-07 1.0
7.37169321e-07 0.0
7.38169321e-07 0.0
7.39169321e-07 0.0
7.40169321e-07 0.0
7.41169321e-07 0.0
7.42169321e-07 0.0
7.43169321e-07 1.0
7.44169321e-07 1.0
7.45169321e-07 1.0
7.46169321e-07 1.0
7.47169321e-07 0.0
7.48169321e-07 0.0
7.49169321e-07 0.0
7.50169321e-07 0.0
7.51169321e-07 0.0
7.52169321e-07 0.0
7.53169321e-07 1.0
7.54169321e-07 1.0
7.55169321e-07 1.0
7.56169321e-07 1.0
7.57169321e-07 0.0
7.58169321e-07 0.0
7.59169321e-07 0.0
7.60169321e-07 0.0
7.61169321e-07 0.0
7.62169321e-07 0.0
7.63169321e-07 1.0
7.64169321e-07 1.0
7.65169321e-07 1.0
7.66169321e-07 1.0
7.67169321e-07 0.0
7.68169321e-07 0.0
7.69169321e-07 0.0
7.70169321e-07 0.0
7.71169321e-07 0.0
7.72169321e-07 0.0
7.73169321e-07 1.0
7.74169321e-07 1.0
7.75169321e-07 1.0
7.76169321e-07 1.0
7.77169321e-07 0.0
7.78169321e-07 0.0
7.79169321e-07 0.0
7.80169321e-07 0.0
7.81169321e-07 0.0
7.82169321e-07 0.0
7.83169321e-07 1.0
7.84169321e-07 1.0
7.85169321e-07 1.0
7.86169321e-07 1.0
7.87169321e-07 0.0
7.88169321e-07 0.0
7.89169321e-07 0.0
7.90169321e-07 0.0
7.91169321e-07 0.0
7.92169321e-07 0.0
7.93169321e-07 1.0
7.94169321e-07 1.0
7.95169321e-07 1.0
7.96169321e-07 1.0
7.97169321e-07 0.0
7.98169321e-07 0.0
7.99169321e-07 0.0
8.00169321e-07 0.0
8.01169321e-07 0.0
8.02169321e-07 0.0
8.03169321e-07 1.0
8.04169321e-07 1.0
8.05169321e-07 1.0
8.06169321e-07 1.0
8.07169321e-07 0.0
8.08169321e-07 0.0
8.09169321e-07 0.0
8.10169321e-07 0.0
8.11169321e-07 0.0
8.12169321e-07 0.0
8.13169321e-07 1.0
8.14169321e-07 1.0
8.15169321e-07 1.0
8.16169321e-07 1.0
8.17169321e-07 0.0
8.18169321e-07 0.0
8.19169321e-07 0.0
8.20169321e-07 0.0
8.21169321e-07 0.0
8.22169321e-07 0.0
8.23169321e-07 1.0
8.24169321e-07 1.0
8.25169321e-07 1.0
8.26169321e-07 1.0
8.27169321e-07 0.0
8.28169321e-07 0.0
8.29169321e-07 0.0
8.30169321e-07 0.0
8.31169321e-07 0.0
8.32169321e-07 0.0
8.33169321e-07 1.0
8.34169321e-07 1.0
8.35169321e-07 1.0
8.36169321e-07 1.0
8.37169321e-07 0.0
8.38169321e-07 0.0
8.39169321e-07 0.0
8.40169321e-07 0.0
8.41169321e-07 0.0
8.42169321e-07 0.0
8.43169321e-07 1.0
8.44169321e-07 1.0
8.45169321e-07 1.0
8.46169321e-07 1.0
8.47169321e-07 0.0
8.48169321e-07 0.0
8.49169321e-07 0.0
8.50169321e-07 0.0
8.51169321e-07 0.0
8.52169321e-07 0.0
8.53169321e-07 1.0
8.54169321e-07 1.0
8.55169321e-07 1.0
8.56169321e-07 1.0
8.57169321e-07 0.0
8.58169321e-07 0.0
8.59169321e-07 0.0
8.60169321e-07 0.0
8.61169321e-07 0.0
8.62169321e-07 0.0
8.63169321e-07 1.0
8.64169321e-07 1.0
8.65169321e-07 1.0
8.66169321e-07 1.0
8.67169321e-07 0.0
8.68169321e-07 0.0
8.69169321e-07 0.0
8.70169321e-07 0.0
8.71169321e-07 0.0
8.72169321e-07 0.0
8.73169321e-07 1.0
8.74169321e-07 1.0
8.75169321e-07 1.0
8.76169321e-07 1.0
8.77169321e-07 0.0
8.78169321e-07 0.0
8.79169321e-07 0.0
8.80169321e-07 0.0
8.81169321e-07 0.0
8.82169321e-07 0.0
8.83169321e-07 1.0
8.84169321e-07 1.0
8.85169321e-07 1.0
8.86169321e-07 1.0
8.87169321e-07 0.0
8.88169321e-07 0.0
8.89169321e-07 0.0
8.90169321e-07 0.0
8.91169321e-07 0.0
8.92169321e-07 0.0
8.93169321e-07 1.0
8.94169321e-07 1.0
8.95169321e-07 1.0
8.96169321e-07 1.0
8.97169321e-07 0.0
8.98169321e-07 0.0
8.99169321e-07 0.0
9.00169321e-07 0.0
9.01169321e-07 0.0
9.02169321e-07 0.0
9.03169321e-07 1.0
9.04169321e-07 1.0
9.05169321e-07 1.0
9.06169321e-07 1.0
9.07169321e-07 0.0
9.08169321e-07 0.0
9.09169321e-07 0.0
9.10169321e-07 0.0
9.11169321e-07 0.0
9.12169321e-07 0.0
9.13169321e-07 1.0
9.14169321e-07 1.0
9.15169321e-07 1.0
9.16169321e-07 1.0
9.17169321e-07 0.0
9.18169321e-07 0.0
9.19169321e-07 0.0
9.20169321e-07 0.0
9.21169321e-07 0.0
9.22169321e-07 0.0
9.23169321e-07 1.0
9.24169321e-07 1.0
9.25169321e-07 1.0
9.26169321e-07 1.0
9.27169321e-07 0.0
9.28169321e-07 0.0
9.29169321e-07 0.0
9.30169321e-07 0.0
9.31169321e-07 0.0
9.32169321e-07 0.0
9.33169321e-07 1.0
9.34169321e-07 1.0
9.35169321e-07 1.0
9.36169321e-07 1.0
9.37169321e-07 0.0
9.38169321e-07 0.0
9.39169321e-07 0.0
9.40169321e-07 0.0
9.41169321e-07 0.0
9.42169321e-07 0.0
9.43169321e-07 1.0
9.44169321e-07 1.0
9.45169321e-07 1.0
9.46169321e-07 1.0
9.47169321e-07 0.0
9.48169321e-07 0.0
9.49169321e-07 0.0
9.50169321e-07 0.0
9.51169321e-07 0.0
9.52169321e-07 0.0
9.53169321e-07 1.0
9.54169321e-07 1.0
9.55169321e-07 1.0
9.56169321e-07 1.0
9.57169321e-07 0.0
9.58169321e-07 0.0
9.59169321e-07 0.0
9.60169321e-07 0.0
9.61169321e-07 0.0
9.62169321e-07 0.0
9.63169321e-07 1.0
9.64169321e-07 1.0
9.65169321e-07 1.0
9.66169321e-07 1.0
9.67169321e-07 0.0
9.68169321e-07 0.0
9.69169321e-07 0.0
9.70169321e-07 0.0
9.71169321e-07 0.0
9.72169321e-07 0.0
9.73169321e-07 1.0
9.74169321e-07 1.0
9.75169321e-07 1.0
9.76169321e-07 1.0
9.77169321e-07 0.0
9.78169321e-07 0.0
9.79169321e-07 0.0
9.80169321e-07 0.0
9.81169321e-07 0.0
9.82169321e-07 0.0
9.83169321e-07 1.0
9.84169321e-07 1.0
9.85169321e-07 1.0
9.86169321e-07 1.0
9.87169321e-07 0.0
9.88169321e-07 0.0
9.89169321e-07 0.0
9.90169321e-07 0.0
9.91169321e-07 0.0
9.92169321e-07 0.0
9.93169321e-07 1.0
9.94169321e-07 1.0
9.95169321e-07 1.0
9.96169321e-07 1.0
9.97169321e-07 0.0
9.98169321e-07 0.0
9.99169321e-07 0.0
1e-06 0.0
