0.000000000e+00 0.000000
5.000000000e-11 0.000000
1.000000000e-10 0.000000
1.500000000e-10 0.000000
2.000000000e-10 0.000000
2.500000000e-10 0.000000
3.000000000e-10 0.000000
3.500000000e-10 0.000000
4.000000000e-10 0.000000
4.500000000e-10 0.000000
5.000000000e-10 0.000000
5.500000000e-10 0.000000
6.000000000e-10 0.000000
6.500000000e-10 0.000000
7.000000000e-10 0.000000
7.500000000e-10 0.000000
8.000000000e-10 0.000000
8.500000000e-10 0.000000
9.000000000e-10 0.000000
9.500000000e-10 0.000000
1.000000000e-09 0.013722
1.050000000e-09 0.042999
1.100000000e-09 0.072276
1.150000000e-09 0.101553
1.200000000e-09 0.130830
1.250000000e-09 0.160107
1.300000000e-09 0.189384
1.350000000e-09 0.218661
1.400000000e-09 0.248078
1.450000000e-09 0.277584
1.500000000e-09 0.307089
1.550000000e-09 0.336595
1.600000000e-09 0.366100
1.650000000e-09 0.395606
1.700000000e-09 0.425111
1.750000000e-09 0.452445
1.800000000e-09 0.477040
1.850000000e-09 0.501635
1.900000000e-09 0.526230
1.950000000e-09 0.550825
2.000000000e-09 0.575420
2.050000000e-09 0.600015
2.100000000e-09 0.624609
2.150000000e-09 0.649204
2.200000000e-09 0.673799
2.250000000e-09 0.698394
2.300000000e-09 0.722989
2.350000000e-09 0.747584
2.400000000e-09 0.768070
2.450000000e-09 0.781746
2.500000000e-09 0.795422
2.550000000e-09 0.809098
2.600000000e-09 0.822774
2.650000000e-09 0.836450
2.700000000e-09 0.850126
2.750000000e-09 0.863801
2.800000000e-09 0.877477
2.850000000e-09 0.891153
2.900000000e-09 0.904829
2.950000000e-09 0.918505
3.000000000e-09 0.932181
3.050000000e-09 0.945857
3.100000000e-09 0.959532
3.150000000e-09 0.973208
3.200000000e-09 0.976480
3.250000000e-09 0.973198
3.300000000e-09 0.969917
3.350000000e-09 0.966636
3.400000000e-09 0.963354
3.450000000e-09 0.960073
3.500000000e-09 0.956791
3.550000000e-09 0.953510
3.600000000e-09 0.950229
3.650000000e-09 0.946947
3.700000000e-09 0.943666
3.750000000e-09 0.940385
3.800000000e-09 0.937103
3.850000000e-09 0.933822
3.900000000e-09 0.930541
3.950000000e-09 0.927259
4.000000000e-09 0.923978
4.050000000e-09 0.920696
4.100000000e-09 0.917415
4.150000000e-09 0.914134
4.200000000e-09 0.900155
4.250000000e-09 0.879440
4.300000000e-09 0.858724
4.350000000e-09 0.838009
4.400000000e-09 0.817293
4.450000000e-09 0.796578
4.500000000e-09 0.775862
4.550000000e-09 0.755146
4.600000000e-09 0.734431
4.650000000e-09 0.713715
4.700000000e-09 0.693000
4.750000000e-09 0.672284
4.800000000e-09 0.651569
4.850000000e-09 0.630853
4.900000000e-09 0.610138
4.950000000e-09 0.589422
5.000000000e-09 0.568706
5.050000000e-09 0.547991
5.100000000e-09 0.527275
5.150000000e-09 0.506560
5.200000000e-09 0.480002
5.250000000e-09 0.449765
5.300000000e-09 0.419528
5.350000000e-09 0.389291
5.400000000e-09 0.359054
5.450000000e-09 0.328817
5.500000000e-09 0.298580
5.550000000e-09 0.268342
5.600000000e-09 0.238105
5.650000000e-09 0.207868
5.700000000e-09 0.177631
5.750000000e-09 0.147394
5.800000000e-09 0.117157
5.850000000e-09 0.086920
5.900000000e-09 0.056683
5.950000000e-09 0.026446
6.000000000e-09 -0.003791
6.050000000e-09 -0.034029
6.100000000e-09 -0.064266
6.150000000e-09 -0.094503
6.200000000e-09 -0.123496
6.250000000e-09 -0.151705
6.300000000e-09 -0.179914
6.350000000e-09 -0.208123
6.400000000e-09 -0.236332
6.450000000e-09 -0.264541
6.500000000e-09 -0.292750
6.550000000e-09 -0.320959
6.600000000e-09 -0.349168
6.650000000e-09 -0.377377
6.700000000e-09 -0.405587
6.750000000e-09 -0.433796
6.800000000e-09 -0.462005
6.850000000e-09 -0.490214
6.900000000e-09 -0.518423
6.950000000e-09 -0.546632
7.000000000e-09 -0.574841
7.050000000e-09 -0.603050
7.100000000e-09 -0.631259
7.150000000e-09 -0.659468
7.200000000e-09 -0.679822
7.250000000e-09 -0.695228
7.300000000e-09 -0.710634
7.350000000e-09 -0.726041
7.400000000e-09 -0.741447
7.450000000e-09 -0.756853
7.500000000e-09 -0.772259
7.550000000e-09 -0.787665
7.600000000e-09 -0.803072
7.650000000e-09 -0.818478
7.700000000e-09 -0.833884
7.750000000e-09 -0.849290
7.800000000e-09 -0.864696
7.850000000e-09 -0.880103
7.900000000e-09 -0.895509
7.950000000e-09 -0.910915
8.000000000e-09 -0.926321
8.050000000e-09 -0.941727
8.100000000e-09 -0.957133
8.150000000e-09 -0.972540
8.200000000e-09 -0.976480
8.250000000e-09 -0.973198
8.300000000e-09 -0.969917
8.350000000e-09 -0.966636
8.400000000e-09 -0.963354
8.450000000e-09 -0.960073
8.500000000e-09 -0.956791
8.550000000e-09 -0.953510
8.600000000e-09 -0.950229
8.650000000e-09 -0.946947
8.700000000e-09 -0.943666
8.750000000e-09 -0.940385
8.800000000e-09 -0.937103
8.850000000e-09 -0.933822
8.900000000e-09 -0.930541
8.950000000e-09 -0.927259
9.000000000e-09 -0.923978
9.050000000e-09 -0.920696
9.100000000e-09 -0.917415
9.150000000e-09 -0.914134
9.200000000e-09 -0.900155
9.250000000e-09 -0.879440
9.300000000e-09 -0.858724
9.350000000e-09 -0.838009
9.400000000e-09 -0.817293
9.450000000e-09 -0.796578
9.500000000e-09 -0.775862
9.550000000e-09 -0.755146
9.600000000e-09 -0.734431
9.650000000e-09 -0.713715
9.700000000e-09 -0.693000
9.750000000e-09 -0.672284
9.800000000e-09 -0.651569
9.850000000e-09 -0.630853
9.900000000e-09 -0.610138
9.950000000e-09 -0.589422
1.000000000e-08 -0.568706
1.005000000e-08 -0.547991
1.010000000e-08 -0.527275
1.015000000e-08 -0.506560
1.020000000e-08 -0.480002
1.025000000e-08 -0.449765
1.030000000e-08 -0.419528
1.035000000e-08 -0.389291
1.040000000e-08 -0.359054
1.045000000e-08 -0.328817
1.050000000e-08 -0.298580
1.055000000e-08 -0.268342
1.060000000e-08 -0.238105
1.065000000e-08 -0.207868
1.070000000e-08 -0.177631
1.075000000e-08 -0.147394
1.080000000e-08 -0.117157
1.085000000e-08 -0.086920
1.090000000e-08 -0.056683
1.095000000e-08 -0.026446
1.100000000e-08 0.003791
1.105000000e-08 0.034029
1.110000000e-08 0.064266
1.115000000e-08 0.094503
1.120000000e-08 0.123495
1.125000000e-08 0.151705
1.130000000e-08 0.179914
1.135000000e-08 0.208123
1.140000000e-08 0.236332
1.145000000e-08 0.264541
1.150000000e-08 0.292750
1.155000000e-08 0.320959
1.160000000e-08 0.349168
1.165000000e-08 0.377377
1.170000000e-08 0.405587
1.175000000e-08 0.433796
1.180000000e-08 0.462005
1.185000000e-08 0.490214
1.190000000e-08 0.518423
1.195000000e-08 0.546632
1.200000000e-08 0.574841
1.205000000e-08 0.603050
1.210000000e-08 0.631259
1.215000000e-08 0.659468
1.220000000e-08 0.679822
1.225000000e-08 0.695228
1.230000000e-08 0.710634
1.235000000e-08 0.726041
1.240000000e-08 0.741447
1.245000000e-08 0.756853
1.250000000e-08 0.772259
1.255000000e-08 0.787665
1.260000000e-08 0.803072
1.265000000e-08 0.818478
1.270000000e-08 0.833884
1.275000000e-08 0.849290
1.280000000e-08 0.864696
1.285000000e-08 0.880103
1.290000000e-08 0.895509
1.295000000e-08 0.910915
1.300000000e-08 0.926321
1.305000000e-08 0.941727
1.310000000e-08 0.957133
1.315000000e-08 0.972540
1.320000000e-08 0.976480
1.325000000e-08 0.973198
1.330000000e-08 0.969917
1.335000000e-08 0.966636
1.340000000e-08 0.963354
1.345000000e-08 0.960073
1.350000000e-08 0.956791
1.355000000e-08 0.953510
1.360000000e-08 0.950229
1.365000000e-08 0.946947
1.370000000e-08 0.943666
1.375000000e-08 0.940385
1.380000000e-08 0.937103
1.385000000e-08 0.933822
1.390000000e-08 0.930541
1.395000000e-08 0.927259
1.400000000e-08 0.923978
1.405000000e-08 0.920696
1.410000000e-08 0.917415
1.415000000e-08 0.914134
1.420000000e-08 0.900155
1.425000000e-08 0.879440
1.430000000e-08 0.858724
1.435000000e-08 0.838009
1.440000000e-08 0.817293
1.445000000e-08 0.796578
1.450000000e-08 0.775862
1.455000000e-08 0.755146
1.460000000e-08 0.734431
1.465000000e-08 0.713715
1.470000000e-08 0.693000
1.475000000e-08 0.672284
1.480000000e-08 0.651569
1.485000000e-08 0.630853
1.490000000e-08 0.610138
1.495000000e-08 0.589422
1.500000000e-08 0.568706
1.505000000e-08 0.547991
1.510000000e-08 0.527275
1.515000000e-08 0.506560
1.520000000e-08 0.480002
1.525000000e-08 0.449765
1.530000000e-08 0.419528
1.535000000e-08 0.389291
1.540000000e-08 0.359054
1.545000000e-08 0.328817
1.550000000e-08 0.298580
1.555000000e-08 0.268342
1.560000000e-08 0.238105
1.565000000e-08 0.207868
1.570000000e-08 0.177631
1.575000000e-08 0.147394
1.580000000e-08 0.117157
1.585000000e-08 0.086920
1.590000000e-08 0.056683
1.595000000e-08 0.026446
1.600000000e-08 -0.003791
1.605000000e-08 -0.034029
1.610000000e-08 -0.064266
1.615000000e-08 -0.094503
1.620000000e-08 -0.123495
1.625000000e-08 -0.151705
1.630000000e-08 -0.179914
1.635000000e-08 -0.208123
1.640000000e-08 -0.236332
1.645000000e-08 -0.264541
1.650000000e-08 -0.292750
1.655000000e-08 -0.320959
1.660000000e-08 -0.349168
1.665000000e-08 -0.377377
1.670000000e-08 -0.405587
1.675000000e-08 -0.433796
1.680000000e-08 -0.462005
1.685000000e-08 -0.490214
1.690000000e-08 -0.518423
1.695000000e-08 -0.546632
1.700000000e-08 -0.574841
1.705000000e-08 -0.603050
1.710000000e-08 -0.631259
1.715000000e-08 -0.659468
1.720000000e-08 -0.679822
1.725000000e-08 -0.695228
1.730000000e-08 -0.710634
1.735000000e-08 -0.726041
1.740000000e-08 -0.741447
1.745000000e-08 -0.756853
1.750000000e-08 -0.772259
1.755000000e-08 -0.787665
1.760000000e-08 -0.803072
1.765000000e-08 -0.818478
1.770000000e-08 -0.833884
1.775000000e-08 -0.849290
1.780000000e-08 -0.864696
1.785000000e-08 -0.880103
1.790000000e-08 -0.895509
1.795000000e-08 -0.910915
1.800000000e-08 -0.926321
1.805000000e-08 -0.941727
1.810000000e-08 -0.957133
1.815000000e-08 -0.972540
1.820000000e-08 -0.976480
1.825000000e-08 -0.973198
1.830000000e-08 -0.969917
1.835000000e-08 -0.966636
1.840000000e-08 -0.963354
1.845000000e-08 -0.960073
1.850000000e-08 -0.956791
1.855000000e-08 -0.953510
1.860000000e-08 -0.950229
1.865000000e-08 -0.946947
1.870000000e-08 -0.943666
1.875000000e-08 -0.940385
1.880000000e-08 -0.937103
1.885000000e-08 -0.933822
1.890000000e-08 -0.930541
1.895000000e-08 -0.927259
1.900000000e-08 -0.923978
1.905000000e-08 -0.920696
1.910000000e-08 -0.917415
1.915000000e-08 -0.914134
1.920000000e-08 -0.900155
1.925000000e-08 -0.879440
1.930000000e-08 -0.858724
1.935000000e-08 -0.838009
1.940000000e-08 -0.817293
1.945000000e-08 -0.796578
1.950000000e-08 -0.775862
1.955000000e-08 -0.755146
1.960000000e-08 -0.734431
1.965000000e-08 -0.713715
1.970000000e-08 -0.693000
1.975000000e-08 -0.672284
1.980000000e-08 -0.651569
1.985000000e-08 -0.630853
1.990000000e-08 -0.610138
1.995000000e-08 -0.589422
2.000000000e-08 -0.568706
2.005000000e-08 -0.547991
2.010000000e-08 -0.527275
2.015000000e-08 -0.506560
2.020000000e-08 -0.480002
2.025000000e-08 -0.449765
2.030000000e-08 -0.419528
2.035000000e-08 -0.389291
2.040000000e-08 -0.359054
2.045000000e-08 -0.328817
2.050000000e-08 -0.298580
2.055000000e-08 -0.268342
2.060000000e-08 -0.238105
2.065000000e-08 -0.207868
2.070000000e-08 -0.177631
2.075000000e-08 -0.147394
2.080000000e-08 -0.117157
2.085000000e-08 -0.086920
2.090000000e-08 -0.056683
2.095000000e-08 -0.026446
2.100000000e-08 0.003791
2.105000000e-08 0.034029
2.110000000e-08 0.064266
2.115000000e-08 0.094503
2.120000000e-08 0.123495
2.125000000e-08 0.151705
2.130000000e-08 0.179914
2.135000000e-08 0.208123
2.140000000e-08 0.236332
2.145000000e-08 0.264541
2.150000000e-08 0.292750
2.155000000e-08 0.320959
2.160000000e-08 0.349168
2.165000000e-08 0.377377
2.170000000e-08 0.405587
2.175000000e-08 0.433796
2.180000000e-08 0.462005
2.185000000e-08 0.490214
2.190000000e-08 0.518423
2.195000000e-08 0.546632
2.200000000e-08 0.574841
2.205000000e-08 0.603050
2.210000000e-08 0.631259
2.215000000e-08 0.659468
2.220000000e-08 0.679822
2.225000000e-08 0.695228
2.230000000e-08 0.710634
2.235000000e-08 0.726041
2.240000000e-08 0.741447
2.245000000e-08 0.756853
2.250000000e-08 0.772259
2.255000000e-08 0.787665
2.260000000e-08 0.803072
2.265000000e-08 0.818478
2.270000000e-08 0.833884
2.275000000e-08 0.849290
2.280000000e-08 0.864696
2.285000000e-08 0.880103
2.290000000e-08 0.895509
2.295000000e-08 0.910915
2.300000000e-08 0.926321
2.305000000e-08 0.941727
2.310000000e-08 0.957133
2.315000000e-08 0.972540
2.320000000e-08 0.976480
2.325000000e-08 0.973198
2.330000000e-08 0.969917
2.335000000e-08 0.966636
2.340000000e-08 0.963354
2.345000000e-08 0.960073
2.350000000e-08 0.956791
2.355000000e-08 0.953510
2.360000000e-08 0.950229
2.365000000e-08 0.946947
2.370000000e-08 0.943666
2.375000000e-08 0.940385
2.380000000e-08 0.937103
2.385000000e-08 0.933822
2.390000000e-08 0.930541
2.395000000e-08 0.927259
2.400000000e-08 0.923978
2.405000000e-08 0.920696
2.410000000e-08 0.917415
2.415000000e-08 0.914134
2.420000000e-08 0.900155
2.425000000e-08 0.879440
2.430000000e-08 0.858724
2.435000000e-08 0.838009
2.440000000e-08 0.817293
2.445000000e-08 0.796578
2.450000000e-08 0.775862
2.455000000e-08 0.755146
2.460000000e-08 0.734431
2.465000000e-08 0.713715
2.470000000e-08 0.693000
2.475000000e-08 0.672284
2.480000000e-08 0.651569
2.485000000e-08 0.630853
2.490000000e-08 0.610138
2.495000000e-08 0.589422
2.500000000e-08 0.568706
2.505000000e-08 0.547991
2.510000000e-08 0.527275
2.515000000e-08 0.506560
2.520000000e-08 0.480002
2.525000000e-08 0.449765
2.530000000e-08 0.419528
2.535000000e-08 0.389291
2.540000000e-08 0.359054
2.545000000e-08 0.328817
2.550000000e-08 0.298580
2.555000000e-08 0.268342
2.560000000e-08 0.238105
2.565000000e-08 0.207868
2.570000000e-08 0.177631
2.575000000e-08 0.147394
2.580000000e-08 0.117157
2.585000000e-08 0.086920
2.590000000e-08 0.056683
2.595000000e-08 0.026446
2.600000000e-08 -0.003791
2.605000000e-08 -0.034029
2.610000000e-08 -0.064266
2.615000000e-08 -0.094503
2.620000000e-08 -0.123495
2.625000000e-08 -0.151705
2.630000000e-08 -0.179914
2.635000000e-08 -0.208123
2.640000000e-08 -0.236332
2.645000000e-08 -0.264541
2.650000000e-08 -0.292750
2.655000000e-08 -0.320959
2.660000000e-08 -0.349168
2.665000000e-08 -0.377377
2.670000000e-08 -0.405587
2.675000000e-08 -0.433796
2.680000000e-08 -0.462005
2.685000000e-08 -0.490214
2.690000000e-08 -0.518423
2.695000000e-08 -0.546632
2.700000000e-08 -0.574841
2.705000000e-08 -0.603050
2.710000000e-08 -0.631259
2.715000000e-08 -0.659468
2.720000000e-08 -0.679822
2.725000000e-08 -0.695228
2.730000000e-08 -0.710634
2.735000000e-08 -0.726041
2.740000000e-08 -0.741447
2.745000000e-08 -0.756853
2.750000000e-08 -0.772259
2.755000000e-08 -0.787665
2.760000000e-08 -0.803072
2.765000000e-08 -0.818478
2.770000000e-08 -0.833884
2.775000000e-08 -0.849290
2.780000000e-08 -0.864696
2.785000000e-08 -0.880103
2.790000000e-08 -0.895509
2.795000000e-08 -0.910915
2.800000000e-08 -0.926321
2.805000000e-08 -0.941727
2.810000000e-08 -0.957133
2.815000000e-08 -0.972540
2.820000000e-08 -0.976480
2.825000000e-08 -0.973198
2.830000000e-08 -0.969917
2.835000000e-08 -0.966636
2.840000000e-08 -0.963354
2.845000000e-08 -0.960073
2.850000000e-08 -0.956791
2.855000000e-08 -0.953510
2.860000000e-08 -0.950229
2.865000000e-08 -0.946947
2.870000000e-08 -0.943666
2.875000000e-08 -0.940385
2.880000000e-08 -0.937103
2.885000000e-08 -0.933822
2.890000000e-08 -0.930541
2.895000000e-08 -0.927259
2.900000000e-08 -0.923978
2.905000000e-08 -0.920696
2.910000000e-08 -0.917415
2.915000000e-08 -0.914134
2.920000000e-08 -0.900155
2.925000000e-08 -0.879440
2.930000000e-08 -0.858724
2.935000000e-08 -0.838009
2.940000000e-08 -0.817293
2.945000000e-08 -0.796578
2.950000000e-08 -0.775862
2.955000000e-08 -0.755146
2.960000000e-08 -0.734431
2.965000000e-08 -0.713715
2.970000000e-08 -0.693000
2.975000000e-08 -0.672284
2.980000000e-08 -0.651569
2.985000000e-08 -0.630853
2.990000000e-08 -0.610138
2.995000000e-08 -0.589422
3.000000000e-08 -0.568706
3.005000000e-08 -0.547991
3.010000000e-08 -0.527275
3.015000000e-08 -0.506560
3.020000000e-08 -0.480002
3.025000000e-08 -0.449765
3.030000000e-08 -0.419528
3.035000000e-08 -0.389291
3.040000000e-08 -0.359054
3.045000000e-08 -0.328817
3.050000000e-08 -0.298580
3.055000000e-08 -0.268342
3.060000000e-08 -0.238105
3.065000000e-08 -0.207868
3.070000000e-08 -0.177631
3.075000000e-08 -0.147394
3.080000000e-08 -0.117157
3.085000000e-08 -0.086920
3.090000000e-08 -0.056683
3.095000000e-08 -0.026446
3.100000000e-08 0.003791
3.105000000e-08 0.034029
3.110000000e-08 0.064266
3.115000000e-08 0.094503
3.120000000e-08 0.123495
3.125000000e-08 0.151705
3.130000000e-08 0.179914
3.135000000e-08 0.208123
3.140000000e-08 0.236332
3.145000000e-08 0.264541
3.150000000e-08 0.292750
3.155000000e-08 0.320959
3.160000000e-08 0.349168
3.165000000e-08 0.377377
3.170000000e-08 0.405587
3.175000000e-08 0.433796
3.180000000e-08 0.462005
3.185000000e-08 0.490214
3.190000000e-08 0.518423
3.195000000e-08 0.546632
3.200000000e-08 0.574841
3.205000000e-08 0.603050
3.210000000e-08 0.631259
3.215000000e-08 0.659468
3.220000000e-08 0.679822
3.225000000e-08 0.695228
3.230000000e-08 0.710634
3.235000000e-08 0.726041
3.240000000e-08 0.741447
3.245000000e-08 0.756853
3.250000000e-08 0.772259
3.255000000e-08 0.787665
3.260000000e-08 0.803072
3.265000000e-08 0.818478
3.270000000e-08 0.833884
3.275000000e-08 0.849290
3.280000000e-08 0.864696
3.285000000e-08 0.880103
3.290000000e-08 0.895509
3.295000000e-08 0.910915
3.300000000e-08 0.926321
3.305000000e-08 0.941727
3.310000000e-08 0.957133
3.315000000e-08 0.972540
3.320000000e-08 0.976480
3.325000000e-08 0.973198
3.330000000e-08 0.969917
3.335000000e-08 0.966636
3.340000000e-08 0.963354
3.345000000e-08 0.960073
3.350000000e-08 0.956791
3.355000000e-08 0.953510
3.360000000e-08 0.950229
3.365000000e-08 0.946947
3.370000000e-08 0.943666
3.375000000e-08 0.940385
3.380000000e-08 0.937103
3.385000000e-08 0.933822
3.390000000e-08 0.930541
3.395000000e-08 0.927259
3.400000000e-08 0.923978
3.405000000e-08 0.920696
3.410000000e-08 0.917415
3.415000000e-08 0.914134
3.420000000e-08 0.900155
3.425000000e-08 0.879440
3.430000000e-08 0.858724
3.435000000e-08 0.838009
3.440000000e-08 0.817293
3.445000000e-08 0.796578
3.450000000e-08 0.775862
3.455000000e-08 0.755146
3.460000000e-08 0.734431
3.465000000e-08 0.713715
3.470000000e-08 0.693000
3.475000000e-08 0.672284
3.480000000e-08 0.651569
3.485000000e-08 0.630853
3.490000000e-08 0.610138
3.495000000e-08 0.589422
3.500000000e-08 0.568706
3.505000000e-08 0.547991
3.510000000e-08 0.527275
3.515000000e-08 0.506560
3.520000000e-08 0.480002
3.525000000e-08 0.449765
3.530000000e-08 0.419528
3.535000000e-08 0.389291
3.540000000e-08 0.359054
3.545000000e-08 0.328817
3.550000000e-08 0.298580
3.555000000e-08 0.268342
3.560000000e-08 0.238105
3.565000000e-08 0.207868
3.570000000e-08 0.177631
3.575000000e-08 0.147394
3.580000000e-08 0.117157
3.585000000e-08 0.086920
3.590000000e-08 0.056683
3.595000000e-08 0.026446
3.600000000e-08 -0.003791
3.605000000e-08 -0.034029
3.610000000e-08 -0.064266
3.615000000e-08 -0.094503
3.620000000e-08 -0.123495
3.625000000e-08 -0.151705
3.630000000e-08 -0.179914
3.635000000e-08 -0.208123
3.640000000e-08 -0.236332
3.645000000e-08 -0.264541
3.650000000e-08 -0.292750
3.655000000e-08 -0.320959
3.660000000e-08 -0.349168
3.665000000e-08 -0.377377
3.670000000e-08 -0.405587
3.675000000e-08 -0.433796
3.680000000e-08 -0.462005
3.685000000e-08 -0.490214
3.690000000e-08 -0.518423
3.695000000e-08 -0.546632
3.700000000e-08 -0.574841
3.705000000e-08 -0.603050
3.710000000e-08 -0.631259
3.715000000e-08 -0.659468
3.720000000e-08 -0.679822
3.725000000e-08 -0.695228
3.730000000e-08 -0.710634
3.735000000e-08 -0.726041
3.740000000e-08 -0.741447
3.745000000e-08 -0.756853
3.750000000e-08 -0.772259
3.755000000e-08 -0.787665
3.760000000e-08 -0.803072
3.765000000e-08 -0.818478
3.770000000e-08 -0.833884
3.775000000e-08 -0.849290
3.780000000e-08 -0.864696
3.785000000e-08 -0.880103
3.790000000e-08 -0.895509
3.795000000e-08 -0.910915
3.800000000e-08 -0.926321
3.805000000e-08 -0.941727
3.810000000e-08 -0.957133
3.815000000e-08 -0.972540
3.820000000e-08 -0.976480
3.825000000e-08 -0.973198
3.830000000e-08 -0.969917
3.835000000e-08 -0.966636
3.840000000e-08 -0.963354
3.845000000e-08 -0.960073
3.850000000e-08 -0.956791
3.855000000e-08 -0.953510
3.860000000e-08 -0.950229
3.865000000e-08 -0.946947
3.870000000e-08 -0.943666
3.875000000e-08 -0.940385
3.880000000e-08 -0.937103
3.885000000e-08 -0.933822
3.890000000e-08 -0.930541
3.895000000e-08 -0.927259
3.900000000e-08 -0.923978
3.905000000e-08 -0.920696
3.910000000e-08 -0.917415
3.915000000e-08 -0.914134
3.920000000e-08 -0.900155
3.925000000e-08 -0.879440
3.930000000e-08 -0.858724
3.935000000e-08 -0.838009
3.940000000e-08 -0.817293
3.945000000e-08 -0.796578
3.950000000e-08 -0.775862
3.955000000e-08 -0.755146
3.960000000e-08 -0.734431
3.965000000e-08 -0.713715
3.970000000e-08 -0.693000
3.975000000e-08 -0.672284
3.980000000e-08 -0.651569
3.985000000e-08 -0.630853
3.990000000e-08 -0.610138
3.995000000e-08 -0.589422
4.000000000e-08 -0.568706
4.005000000e-08 -0.547991
4.010000000e-08 -0.527275
4.015000000e-08 -0.506560
4.020000000e-08 -0.480002
4.025000000e-08 -0.449765
4.030000000e-08 -0.419528
4.035000000e-08 -0.389291
4.040000000e-08 -0.359054
4.045000000e-08 -0.328817
4.050000000e-08 -0.298580
4.055000000e-08 -0.268342
4.060000000e-08 -0.238105
4.065000000e-08 -0.207868
4.070000000e-08 -0.177631
4.075000000e-08 -0.147394
4.080000000e-08 -0.117157
4.085000000e-08 -0.086920
4.090000000e-08 -0.056683
4.095000000e-08 -0.026446
4.100000000e-08 0.003791
4.105000000e-08 0.034029
4.110000000e-08 0.064266
4.115000000e-08 0.094503
4.120000000e-08 0.123495
4.125000000e-08 0.151705
4.130000000e-08 0.179914
4.135000000e-08 0.208123
4.140000000e-08 0.236332
4.145000000e-08 0.264541
4.150000000e-08 0.292750
4.155000000e-08 0.320959
4.160000000e-08 0.349168
4.165000000e-08 0.377377
4.170000000e-08 0.405587
4.175000000e-08 0.433796
4.180000000e-08 0.462005
4.185000000e-08 0.490214
4.190000000e-08 0.518423
4.195000000e-08 0.546632
4.200000000e-08 0.574841
4.205000000e-08 0.603050
4.210000000e-08 0.631259
4.215000000e-08 0.659468
4.220000000e-08 0.679822
4.225000000e-08 0.695228
4.230000000e-08 0.710634
4.235000000e-08 0.726041
4.240000000e-08 0.741447
4.245000000e-08 0.756853
4.250000000e-08 0.772259
4.255000000e-08 0.787665
4.260000000e-08 0.803072
4.265000000e-08 0.818478
4.270000000e-08 0.833884
4.275000000e-08 0.849290
4.280000000e-08 0.864696
4.285000000e-08 0.880103
4.290000000e-08 0.895509
4.295000000e-08 0.910915
4.300000000e-08 0.926321
4.305000000e-08 0.941727
4.310000000e-08 0.957133
4.315000000e-08 0.972540
4.320000000e-08 0.976480
4.325000000e-08 0.973198
4.330000000e-08 0.969917
4.335000000e-08 0.966636
4.340000000e-08 0.963354
4.345000000e-08 0.960073
4.350000000e-08 0.956791
4.355000000e-08 0.953510
4.360000000e-08 0.950229
4.365000000e-08 0.946947
4.370000000e-08 0.943666
4.375000000e-08 0.940385
4.380000000e-08 0.937103
4.385000000e-08 0.933822
4.390000000e-08 0.930541
4.395000000e-08 0.927259
4.400000000e-08 0.923978
4.405000000e-08 0.920696
4.410000000e-08 0.917415
4.415000000e-08 0.914134
4.420000000e-08 0.900155
4.425000000e-08 0.879440
4.430000000e-08 0.858724
4.435000000e-08 0.838009
4.440000000e-08 0.817293
4.445000000e-08 0.796578
4.450000000e-08 0.775862
4.455000000e-08 0.755146
4.460000000e-08 0.734431
4.465000000e-08 0.713715
4.470000000e-08 0.693000
4.475000000e-08 0.672284
4.480000000e-08 0.651569
4.485000000e-08 0.630853
4.490000000e-08 0.610138
4.495000000e-08 0.589422
4.500000000e-08 0.568706
4.505000000e-08 0.547991
4.510000000e-08 0.527275
4.515000000e-08 0.506560
4.520000000e-08 0.480002
4.525000000e-08 0.449765
4.530000000e-08 0.419528
4.535000000e-08 0.389291
4.540000000e-08 0.359054
4.545000000e-08 0.328817
4.550000000e-08 0.298580
4.555000000e-08 0.268342
4.560000000e-08 0.238105
4.565000000e-08 0.207868
4.570000000e-08 0.177631
4.575000000e-08 0.147394
4.580000000e-08 0.117157
4.585000000e-08 0.086920
4.590000000e-08 0.056683
4.595000000e-08 0.026446
4.600000000e-08 -0.003791
4.605000000e-08 -0.034029
4.610000000e-08 -0.064266
4.615000000e-08 -0.094503
4.620000000e-08 -0.123495
4.625000000e-08 -0.151705
4.630000000e-08 -0.179914
4.635000000e-08 -0.208123
4.640000000e-08 -0.236332
4.645000000e-08 -0.264541
4.650000000e-08 -0.292750
4.655000000e-08 -0.320959
4.660000000e-08 -0.349168
4.665000000e-08 -0.377377
4.670000000e-08 -0.405587
4.675000000e-08 -0.433796
4.680000000e-08 -0.462005
4.685000000e-08 -0.490214
4.690000000e-08 -0.518423
4.695000000e-08 -0.546632
4.700000000e-08 -0.574841
4.705000000e-08 -0.603050
4.710000000e-08 -0.631259
4.715000000e-08 -0.659468
4.720000000e-08 -0.679822
4.725000000e-08 -0.695228
4.730000000e-08 -0.710634
4.735000000e-08 -0.726041
4.740000000e-08 -0.741447
4.745000000e-08 -0.756853
4.750000000e-08 -0.772259
4.755000000e-08 -0.787665
4.760000000e-08 -0.803072
4.765000000e-08 -0.818478
4.770000000e-08 -0.833884
4.775000000e-08 -0.849290
4.780000000e-08 -0.864696
4.785000000e-08 -0.880103
4.790000000e-08 -0.895509
4.795000000e-08 -0.910915
4.800000000e-08 -0.926321
4.805000000e-08 -0.941727
4.810000000e-08 -0.957133
4.815000000e-08 -0.972540
4.820000000e-08 -0.976480
4.825000000e-08 -0.973198
4.830000000e-08 -0.969917
4.835000000e-08 -0.966636
4.840000000e-08 -0.963354
4.845000000e-08 -0.960073
4.850000000e-08 -0.956791
4.855000000e-08 -0.953510
4.860000000e-08 -0.950229
4.865000000e-08 -0.946947
4.870000000e-08 -0.943666
4.875000000e-08 -0.940385
4.880000000e-08 -0.937103
4.885000000e-08 -0.933822
4.890000000e-08 -0.930541
4.895000000e-08 -0.927259
4.900000000e-08 -0.923978
4.905000000e-08 -0.920696
4.910000000e-08 -0.917415
4.915000000e-08 -0.914134
4.920000000e-08 -0.900155
4.925000000e-08 -0.879440
4.930000000e-08 -0.858724
4.935000000e-08 -0.838009
4.940000000e-08 -0.817293
4.945000000e-08 -0.796578
4.950000000e-08 -0.775862
4.955000000e-08 -0.755146
4.960000000e-08 -0.734431
4.965000000e-08 -0.713715
4.970000000e-08 -0.693000
4.975000000e-08 -0.672284
4.980000000e-08 -0.651569
4.985000000e-08 -0.630853
4.990000000e-08 -0.610138
4.995000000e-08 -0.589422
5.000000000e-08 -0.568706
