0.000000000e+00 0.000000
5.000000000e-11 0.000000
1.000000000e-10 0.000000
1.500000000e-10 0.000000
2.000000000e-10 0.000000
2.500000000e-10 0.000000
3.000000000e-10 0.000000
3.500000000e-10 0.000000
4.000000000e-10 0.000000
4.500000000e-10 0.000000
5.000000000e-10 0.000000
5.500000000e-10 0.000000
6.000000000e-10 0.000000
6.500000000e-10 0.000000
7.000000000e-10 0.000000
7.500000000e-10 0.000000
8.000000000e-10 0.000000
8.500000000e-10 0.000000
9.000000000e-10 0.000000
9.500000000e-10 0.000000
1.000000000e-09 0.002252
1.050000000e-09 0.007058
1.100000000e-09 0.011864
1.150000000e-09 0.016669
1.200000000e-09 0.021475
1.250000000e-09 0.026281
1.300000000e-09 0.031086
1.350000000e-09 0.035892
1.400000000e-09 0.045502
1.450000000e-09 0.058137
1.500000000e-09 0.070773
1.550000000e-09 0.083409
1.600000000e-09 0.096045
1.650000000e-09 0.108681
1.700000000e-09 0.121316
1.750000000e-09 0.136262
1.800000000e-09 0.154122
1.850000000e-09 0.171983
1.900000000e-09 0.189843
1.950000000e-09 0.207703
2.000000000e-09 0.225563
2.050000000e-09 0.243423
2.100000000e-09 0.261283
2.150000000e-09 0.279143
2.200000000e-09 0.297004
2.250000000e-09 0.314864
2.300000000e-09 0.332724
2.350000000e-09 0.350584
2.400000000e-09 0.368593
2.450000000e-09 0.386848
2.500000000e-09 0.405104
2.550000000e-09 0.423359
2.600000000e-09 0.441614
2.650000000e-09 0.459870
2.700000000e-09 0.478125
2.750000000e-09 0.496381
2.800000000e-09 0.514636
2.850000000e-09 0.532891
2.900000000e-09 0.551147
2.950000000e-09 0.569402
3.000000000e-09 0.587658
3.050000000e-09 0.605913
3.100000000e-09 0.624168
3.150000000e-09 0.642424
3.200000000e-09 0.655536
3.250000000e-09 0.665409
3.300000000e-09 0.675283
3.350000000e-09 0.685156
3.400000000e-09 0.695030
3.450000000e-09 0.704903
3.500000000e-09 0.714776
3.550000000e-09 0.724650
3.600000000e-09 0.734523
3.650000000e-09 0.744397
3.700000000e-09 0.754270
3.750000000e-09 0.764143
3.800000000e-09 0.774017
3.850000000e-09 0.783890
3.900000000e-09 0.793763
3.950000000e-09 0.803637
4.000000000e-09 0.813510
4.050000000e-09 0.823384
4.100000000e-09 0.833257
4.150000000e-09 0.843130
4.200000000e-09 0.844057
4.250000000e-09 0.839349
4.300000000e-09 0.834641
4.350000000e-09 0.829933
4.400000000e-09 0.825226
4.450000000e-09 0.820518
4.500000000e-09 0.815810
4.550000000e-09 0.811102
4.600000000e-09 0.806394
4.650000000e-09 0.801686
4.700000000e-09 0.796979
4.750000000e-09 0.792271
4.800000000e-09 0.787563
4.850000000e-09 0.782855
4.900000000e-09 0.778147
4.950000000e-09 0.773439
5.000000000e-09 0.768731
5.050000000e-09 0.764024
5.100000000e-09 0.759316
5.150000000e-09 0.754608
5.200000000e-09 0.741405
5.250000000e-09 0.722851
5.300000000e-09 0.704298
5.350000000e-09 0.685744
5.400000000e-09 0.667191
5.450000000e-09 0.648637
5.500000000e-09 0.630084
5.550000000e-09 0.611530
5.600000000e-09 0.592977
5.650000000e-09 0.574423
5.700000000e-09 0.555870
5.750000000e-09 0.537316
5.800000000e-09 0.518763
5.850000000e-09 0.500209
5.900000000e-09 0.481656
5.950000000e-09 0.463102
6.000000000e-09 0.444549
6.050000000e-09 0.425995
6.100000000e-09 0.407442
6.150000000e-09 0.388888
6.200000000e-09 0.365970
6.250000000e-09 0.340304
6.300000000e-09 0.314637
6.350000000e-09 0.288971
6.400000000e-09 0.263304
6.450000000e-09 0.237638
6.500000000e-09 0.211971
6.550000000e-09 0.186305
6.600000000e-09 0.160638
6.650000000e-09 0.134971
6.700000000e-09 0.109305
6.750000000e-09 0.083638
6.800000000e-09 0.057972
6.850000000e-09 0.032305
6.900000000e-09 0.006639
6.950000000e-09 -0.019028
7.000000000e-09 -0.044695
7.050000000e-09 -0.070361
7.100000000e-09 -0.096028
7.150000000e-09 -0.121694
7.200000000e-09 -0.145782
7.250000000e-09 -0.168876
7.300000000e-09 -0.191970
7.350000000e-09 -0.215064
7.400000000e-09 -0.238158
7.450000000e-09 -0.261252
7.500000000e-09 -0.284346
7.550000000e-09 -0.307440
7.600000000e-09 -0.330534
7.650000000e-09 -0.353628
7.700000000e-09 -0.376722
7.750000000e-09 -0.399816
7.800000000e-09 -0.422910
7.850000000e-09 -0.446004
7.900000000e-09 -0.469098
7.950000000e-09 -0.492192
8.000000000e-09 -0.515286
8.050000000e-09 -0.538380
8.100000000e-09 -0.561474
8.150000000e-09 -0.584567
8.200000000e-09 -0.600695
8.250000000e-09 -0.612434
8.300000000e-09 -0.624174
8.350000000e-09 -0.635913
8.400000000e-09 -0.647653
8.450000000e-09 -0.659393
8.500000000e-09 -0.671132
8.550000000e-09 -0.682872
8.600000000e-09 -0.694611
8.650000000e-09 -0.706351
8.700000000e-09 -0.718091
8.750000000e-09 -0.729830
8.800000000e-09 -0.741570
8.850000000e-09 -0.753309
8.900000000e-09 -0.765049
8.950000000e-09 -0.776789
9.000000000e-09 -0.788528
9.050000000e-09 -0.800268
9.100000000e-09 -0.812007
9.150000000e-09 -0.823747
9.200000000e-09 -0.825777
9.250000000e-09 -0.821691
9.300000000e-09 -0.817605
9.350000000e-09 -0.813519
9.400000000e-09 -0.809433
9.450000000e-09 -0.805348
9.500000000e-09 -0.801262
9.550000000e-09 -0.797176
9.600000000e-09 -0.793090
9.650000000e-09 -0.789005
9.700000000e-09 -0.784919
9.750000000e-09 -0.780833
9.800000000e-09 -0.776747
9.850000000e-09 -0.772661
9.900000000e-09 -0.768576
9.950000000e-09 -0.764490
1.000000000e-08 -0.760404
1.005000000e-08 -0.756318
1.010000000e-08 -0.752233
1.015000000e-08 -0.748147
1.020000000e-08 -0.735311
1.025000000e-08 -0.716965
1.030000000e-08 -0.698619
1.035000000e-08 -0.680273
1.040000000e-08 -0.661927
1.045000000e-08 -0.643581
1.050000000e-08 -0.625234
1.055000000e-08 -0.606888
1.060000000e-08 -0.588542
1.065000000e-08 -0.570196
1.070000000e-08 -0.551850
1.075000000e-08 -0.533504
1.080000000e-08 -0.515158
1.085000000e-08 -0.496812
1.090000000e-08 -0.478465
1.095000000e-08 -0.460119
1.100000000e-08 -0.441773
1.105000000e-08 -0.423427
1.110000000e-08 -0.405081
1.115000000e-08 -0.386735
1.120000000e-08 -0.363939
1.125000000e-08 -0.338342
1.130000000e-08 -0.312744
1.135000000e-08 -0.287147
1.140000000e-08 -0.261550
1.145000000e-08 -0.235952
1.150000000e-08 -0.210355
1.155000000e-08 -0.184757
1.160000000e-08 -0.159160
1.165000000e-08 -0.133562
1.170000000e-08 -0.107965
1.175000000e-08 -0.082367
1.180000000e-08 -0.056770
1.185000000e-08 -0.031173
1.190000000e-08 -0.005575
1.195000000e-08 0.020022
1.200000000e-08 0.045620
1.205000000e-08 0.071217
1.210000000e-08 0.096815
1.215000000e-08 0.122412
1.220000000e-08 0.146459
1.225000000e-08 0.169530
1.230000000e-08 0.192601
1.235000000e-08 0.215672
1.240000000e-08 0.238743
1.245000000e-08 0.261814
1.250000000e-08 0.284885
1.255000000e-08 0.307956
1.260000000e-08 0.331027
1.265000000e-08 0.354098
1.270000000e-08 0.377169
1.275000000e-08 0.400239
1.280000000e-08 0.423310
1.285000000e-08 0.446381
1.290000000e-08 0.469452
1.295000000e-08 0.492523
1.300000000e-08 0.515594
1.305000000e-08 0.538665
1.310000000e-08 0.561736
1.315000000e-08 0.584807
1.320000000e-08 0.600920
1.325000000e-08 0.612652
1.330000000e-08 0.624384
1.335000000e-08 0.636116
1.340000000e-08 0.647848
1.345000000e-08 0.659580
1.350000000e-08 0.671312
1.355000000e-08 0.683044
1.360000000e-08 0.694776
1.365000000e-08 0.706508
1.370000000e-08 0.718240
1.375000000e-08 0.729971
1.380000000e-08 0.741703
1.385000000e-08 0.753435
1.390000000e-08 0.765167
1.395000000e-08 0.776899
1.400000000e-08 0.788631
1.405000000e-08 0.800363
1.410000000e-08 0.812095
1.415000000e-08 0.823827
1.420000000e-08 0.825852
1.425000000e-08 0.821763
1.430000000e-08 0.817675
1.435000000e-08 0.813587
1.440000000e-08 0.809498
1.445000000e-08 0.805410
1.450000000e-08 0.801322
1.455000000e-08 0.797233
1.460000000e-08 0.793145
1.465000000e-08 0.789057
1.470000000e-08 0.784968
1.475000000e-08 0.780880
1.480000000e-08 0.776792
1.485000000e-08 0.772703
1.490000000e-08 0.768615
1.495000000e-08 0.764527
1.500000000e-08 0.760438
1.505000000e-08 0.756350
1.510000000e-08 0.752262
1.515000000e-08 0.748173
1.520000000e-08 0.735336
1.525000000e-08 0.716989
1.530000000e-08 0.698642
1.535000000e-08 0.680295
1.540000000e-08 0.661948
1.545000000e-08 0.643601
1.550000000e-08 0.625254
1.555000000e-08 0.606907
1.560000000e-08 0.588560
1.565000000e-08 0.570213
1.570000000e-08 0.551866
1.575000000e-08 0.533519
1.580000000e-08 0.515172
1.585000000e-08 0.496825
1.590000000e-08 0.478478
1.595000000e-08 0.460132
1.600000000e-08 0.441785
1.605000000e-08 0.423438
1.610000000e-08 0.405091
1.615000000e-08 0.386744
1.620000000e-08 0.363948
1.625000000e-08 0.338350
1.630000000e-08 0.312752
1.635000000e-08 0.287154
1.640000000e-08 0.261557
1.645000000e-08 0.235959
1.650000000e-08 0.210361
1.655000000e-08 0.184764
1.660000000e-08 0.159166
1.665000000e-08 0.133568
1.670000000e-08 0.107970
1.675000000e-08 0.082373
1.680000000e-08 0.056775
1.685000000e-08 0.031177
1.690000000e-08 0.005579
1.695000000e-08 -0.020018
1.700000000e-08 -0.045616
1.705000000e-08 -0.071214
1.710000000e-08 -0.096811
1.715000000e-08 -0.122409
1.720000000e-08 -0.146457
1.725000000e-08 -0.169528
1.730000000e-08 -0.192599
1.735000000e-08 -0.215670
1.740000000e-08 -0.238741
1.745000000e-08 -0.261812
1.750000000e-08 -0.284883
1.755000000e-08 -0.307954
1.760000000e-08 -0.331025
1.765000000e-08 -0.354096
1.770000000e-08 -0.377167
1.775000000e-08 -0.400238
1.780000000e-08 -0.423309
1.785000000e-08 -0.446380
1.790000000e-08 -0.469451
1.795000000e-08 -0.492522
1.800000000e-08 -0.515593
1.805000000e-08 -0.538664
1.810000000e-08 -0.561735
1.815000000e-08 -0.584806
1.820000000e-08 -0.600919
1.825000000e-08 -0.612651
1.830000000e-08 -0.624383
1.835000000e-08 -0.636115
1.840000000e-08 -0.647847
1.845000000e-08 -0.659579
1.850000000e-08 -0.671311
1.855000000e-08 -0.683043
1.860000000e-08 -0.694775
1.865000000e-08 -0.706507
1.870000000e-08 -0.718239
1.875000000e-08 -0.729971
1.880000000e-08 -0.741703
1.885000000e-08 -0.753435
1.890000000e-08 -0.765167
1.895000000e-08 -0.776899
1.900000000e-08 -0.788631
1.905000000e-08 -0.800363
1.910000000e-08 -0.812094
1.915000000e-08 -0.823826
1.920000000e-08 -0.825851
1.925000000e-08 -0.821763
1.930000000e-08 -0.817675
1.935000000e-08 -0.813586
1.940000000e-08 -0.809498
1.945000000e-08 -0.805410
1.950000000e-08 -0.801322
1.955000000e-08 -0.797233
1.960000000e-08 -0.793145
1.965000000e-08 -0.789057
1.970000000e-08 -0.784968
1.975000000e-08 -0.780880
1.980000000e-08 -0.776792
1.985000000e-08 -0.772703
1.990000000e-08 -0.768615
1.995000000e-08 -0.764527
2.000000000e-08 -0.760438
2.005000000e-08 -0.756350
2.010000000e-08 -0.752262
2.015000000e-08 -0.748173
2.020000000e-08 -0.735336
2.025000000e-08 -0.716989
2.030000000e-08 -0.698642
2.035000000e-08 -0.680295
2.040000000e-08 -0.661948
2.045000000e-08 -0.643601
2.050000000e-08 -0.625254
2.055000000e-08 -0.606907
2.060000000e-08 -0.588560
2.065000000e-08 -0.570213
2.070000000e-08 -0.551866
2.075000000e-08 -0.533519
2.080000000e-08 -0.515172
2.085000000e-08 -0.496825
2.090000000e-08 -0.478478
2.095000000e-08 -0.460131
2.100000000e-08 -0.441784
2.105000000e-08 -0.423437
2.110000000e-08 -0.405090
2.115000000e-08 -0.386743
2.120000000e-08 -0.363948
2.125000000e-08 -0.338350
2.130000000e-08 -0.312752
2.135000000e-08 -0.287154
2.140000000e-08 -0.261557
2.145000000e-08 -0.235959
2.150000000e-08 -0.210361
2.155000000e-08 -0.184764
2.160000000e-08 -0.159166
2.165000000e-08 -0.133568
2.170000000e-08 -0.107970
2.175000000e-08 -0.082373
2.180000000e-08 -0.056775
2.185000000e-08 -0.031177
2.190000000e-08 -0.005579
2.195000000e-08 0.020018
2.200000000e-08 0.045616
2.205000000e-08 0.071214
2.210000000e-08 0.096811
2.215000000e-08 0.122409
2.220000000e-08 0.146457
2.225000000e-08 0.169528
2.230000000e-08 0.192599
2.235000000e-08 0.215670
2.240000000e-08 0.238741
2.245000000e-08 0.261812
2.250000000e-08 0.284883
2.255000000e-08 0.307954
2.260000000e-08 0.331025
2.265000000e-08 0.354096
2.270000000e-08 0.377167
2.275000000e-08 0.400238
2.280000000e-08 0.423309
2.285000000e-08 0.446380
2.290000000e-08 0.469451
2.295000000e-08 0.492522
2.300000000e-08 0.515593
2.305000000e-08 0.538664
2.310000000e-08 0.561735
2.315000000e-08 0.584806
2.320000000e-08 0.600919
2.325000000e-08 0.612651
2.330000000e-08 0.624383
2.335000000e-08 0.636115
2.340000000e-08 0.647847
2.345000000e-08 0.659579
2.350000000e-08 0.671311
2.355000000e-08 0.683043
2.360000000e-08 0.694775
2.365000000e-08 0.706507
2.370000000e-08 0.718239
2.375000000e-08 0.729971
2.380000000e-08 0.741703
2.385000000e-08 0.753435
2.390000000e-08 0.765167
2.395000000e-08 0.776899
2.400000000e-08 0.788631
2.405000000e-08 0.800363
2.410000000e-08 0.812094
2.415000000e-08 0.823826
2.420000000e-08 0.825851
2.425000000e-08 0.821763
2.430000000e-08 0.817675
2.435000000e-08 0.813586
2.440000000e-08 0.809498
2.445000000e-08 0.805410
2.450000000e-08 0.801322
2.455000000e-08 0.797233
2.460000000e-08 0.793145
2.465000000e-08 0.789057
2.470000000e-08 0.784968
2.475000000e-08 0.780880
2.480000000e-08 0.776792
2.485000000e-08 0.772703
2.490000000e-08 0.768615
2.495000000e-08 0.764527
2.500000000e-08 0.760438
2.505000000e-08 0.756350
2.510000000e-08 0.752262
2.515000000e-08 0.748173
2.520000000e-08 0.735336
2.525000000e-08 0.716989
2.530000000e-08 0.698642
2.535000000e-08 0.680295
2.540000000e-08 0.661948
2.545000000e-08 0.643601
2.550000000e-08 0.625254
2.555000000e-08 0.606907
2.560000000e-08 0.588560
2.565000000e-08 0.570213
2.570000000e-08 0.551866
2.575000000e-08 0.533519
2.580000000e-08 0.515172
2.585000000e-08 0.496825
2.590000000e-08 0.478478
2.595000000e-08 0.460131
2.600000000e-08 0.441784
2.605000000e-08 0.423437
2.610000000e-08 0.405090
2.615000000e-08 0.386743
2.620000000e-08 0.363948
2.625000000e-08 0.338350
2.630000000e-08 0.312752
2.635000000e-08 0.287154
2.640000000e-08 0.261557
2.645000000e-08 0.235959
2.650000000e-08 0.210361
2.655000000e-08 0.184764
2.660000000e-08 0.159166
2.665000000e-08 0.133568
2.670000000e-08 0.107970
2.675000000e-08 0.082373
2.680000000e-08 0.056775
2.685000000e-08 0.031177
2.690000000e-08 0.005579
2.695000000e-08 -0.020018
2.700000000e-08 -0.045616
2.705000000e-08 -0.071214
2.710000000e-08 -0.096811
2.715000000e-08 -0.122409
2.720000000e-08 -0.146457
2.725000000e-08 -0.169528
2.730000000e-08 -0.192599
2.735000000e-08 -0.215670
2.740000000e-08 -0.238741
2.745000000e-08 -0.261812
2.750000000e-08 -0.284883
2.755000000e-08 -0.307954
2.760000000e-08 -0.331025
2.765000000e-08 -0.354096
2.770000000e-08 -0.377167
2.775000000e-08 -0.400238
2.780000000e-08 -0.423309
2.785000000e-08 -0.446380
2.790000000e-08 -0.469451
2.795000000e-08 -0.492522
2.800000000e-08 -0.515593
2.805000000e-08 -0.538664
2.810000000e-08 -0.561735
2.815000000e-08 -0.584806
2.820000000e-08 -0.600919
2.825000000e-08 -0.612651
2.830000000e-08 -0.624383
2.835000000e-08 -0.636115
2.840000000e-08 -0.647847
2.845000000e-08 -0.659579
2.850000000e-08 -0.671311
2.855000000e-08 -0.683043
2.860000000e-08 -0.694775
2.865000000e-08 -0.706507
2.870000000e-08 -0.718239
2.875000000e-08 -0.729971
2.880000000e-08 -0.741703
2.885000000e-08 -0.753435
2.890000000e-08 -0.765167
2.895000000e-08 -0.776899
2.900000000e-08 -0.788631
2.905000000e-08 -0.800363
2.910000000e-08 -0.812094
2.915000000e-08 -0.823826
2.920000000e-08 -0.825851
2.925000000e-08 -0.821763
2.930000000e-08 -0.817675
2.935000000e-08 -0.813586
2.940000000e-08 -0.809498
2.945000000e-08 -0.805410
2.950000000e-08 -0.801322
2.955000000e-08 -0.797233
2.960000000e-08 -0.793145
2.965000000e-08 -0.789057
2.970000000e-08 -0.784968
2.975000000e-08 -0.780880
2.980000000e-08 -0.776792
2.985000000e-08 -0.772703
2.990000000e-08 -0.768615
2.995000000e-08 -0.764527
3.000000000e-08 -0.760438
3.005000000e-08 -0.756350
3.010000000e-08 -0.752262
3.015000000e-08 -0.748173
3.020000000e-08 -0.735336
3.025000000e-08 -0.716989
3.030000000e-08 -0.698642
3.035000000e-08 -0.680295
3.040000000e-08 -0.661948
3.045000000e-08 -0.643601
3.050000000e-08 -0.625254
3.055000000e-08 -0.606907
3.060000000e-08 -0.588560
3.065000000e-08 -0.570213
3.070000000e-08 -0.551866
3.075000000e-08 -0.533519
3.080000000e-08 -0.515172
3.085000000e-08 -0.496825
3.090000000e-08 -0.478478
3.095000000e-08 -0.460131
3.100000000e-08 -0.441784
3.105000000e-08 -0.423437
3.110000000e-08 -0.405090
3.115000000e-08 -0.386743
3.120000000e-08 -0.363948
3.125000000e-08 -0.338350
3.130000000e-08 -0.312752
3.135000000e-08 -0.287154
3.140000000e-08 -0.261557
3.145000000e-08 -0.235959
3.150000000e-08 -0.210361
3.155000000e-08 -0.184764
3.160000000e-08 -0.159166
3.165000000e-08 -0.133568
3.170000000e-08 -0.107970
3.175000000e-08 -0.082373
3.180000000e-08 -0.056775
3.185000000e-08 -0.031177
3.190000000e-08 -0.005579
3.195000000e-08 0.020018
3.200000000e-08 0.045616
3.205000000e-08 0.071214
3.210000000e-08 0.096811
3.215000000e-08 0.122409
3.220000000e-08 0.146457
3.225000000e-08 0.169528
3.230000000e-08 0.192599
3.235000000e-08 0.215670
3.240000000e-08 0.238741
3.245000000e-08 0.261812
3.250000000e-08 0.284883
3.255000000e-08 0.307954
3.260000000e-08 0.331025
3.265000000e-08 0.354096
3.270000000e-08 0.377167
3.275000000e-08 0.400238
3.280000000e-08 0.423309
3.285000000e-08 0.446380
3.290000000e-08 0.469451
3.295000000e-08 0.492522
3.300000000e-08 0.515593
3.305000000e-08 0.538664
3.310000000e-08 0.561735
3.315000000e-08 0.584806
3.320000000e-08 0.600919
3.325000000e-08 0.612651
3.330000000e-08 0.624383
3.335000000e-08 0.636115
3.340000000e-08 0.647847
3.345000000e-08 0.659579
3.350000000e-08 0.671311
3.355000000e-08 0.683043
3.360000000e-08 0.694775
3.365000000e-08 0.706507
3.370000000e-08 0.718239
3.375000000e-08 0.729971
3.380000000e-08 0.741703
3.385000000e-08 0.753435
3.390000000e-08 0.765167
3.395000000e-08 0.776899
3.400000000e-08 0.788631
3.405000000e-08 0.800363
3.410000000e-08 0.812094
3.415000000e-08 0.823826
3.420000000e-08 0.825851
3.425000000e-08 0.821763
3.430000000e-08 0.817675
3.435000000e-08 0.813586
3.440000000e-08 0.809498
3.445000000e-08 0.805410
3.450000000e-08 0.801322
3.455000000e-08 0.797233
3.460000000e-08 0.793145
3.465000000e-08 0.789057
3.470000000e-08 0.784968
3.475000000e-08 0.780880
3.480000000e-08 0.776792
3.485000000e-08 0.772703
3.490000000e-08 0.768615
3.495000000e-08 0.764527
3.500000000e-08 0.760438
3.505000000e-08 0.756350
3.510000000e-08 0.752262
3.515000000e-08 0.748173
3.520000000e-08 0.735336
3.525000000e-08 0.716989
3.530000000e-08 0.698642
3.535000000e-08 0.680295
3.540000000e-08 0.661948
3.545000000e-08 0.643601
3.550000000e-08 0.625254
3.555000000e-08 0.606907
3.560000000e-08 0.588560
3.565000000e-08 0.570213
3.570000000e-08 0.551866
3.575000000e-08 0.533519
3.580000000e-08 0.515172
3.585000000e-08 0.496825
3.590000000e-08 0.478478
3.595000000e-08 0.460131
3.600000000e-08 0.441784
3.605000000e-08 0.423437
3.610000000e-08 0.405090
3.615000000e-08 0.386743
3.620000000e-08 0.363948
3.625000000e-08 0.338350
3.630000000e-08 0.312752
3.635000000e-08 0.287154
3.640000000e-08 0.261557
3.645000000e-08 0.235959
3.650000000e-08 0.210361
3.655000000e-08 0.184764
3.660000000e-08 0.159166
3.665000000e-08 0.133568
3.670000000e-08 0.107970
3.675000000e-08 0.082373
3.680000000e-08 0.056775
3.685000000e-08 0.031177
3.690000000e-08 0.005579
3.695000000e-08 -0.020018
3.700000000e-08 -0.045616
3.705000000e-08 -0.071214
3.710000000e-08 -0.096811
3.715000000e-08 -0.122409
3.720000000e-08 -0.146457
3.725000000e-08 -0.169528
3.730000000e-08 -0.192599
3.735000000e-08 -0.215670
3.740000000e-08 -0.238741
3.745000000e-08 -0.261812
3.750000000e-08 -0.284883
3.755000000e-08 -0.307954
3.760000000e-08 -0.331025
3.765000000e-08 -0.354096
3.770000000e-08 -0.377167
3.775000000e-08 -0.400238
3.780000000e-08 -0.423309
3.785000000e-08 -0.446380
3.790000000e-08 -0.469451
3.795000000e-08 -0.492522
3.800000000e-08 -0.515593
3.805000000e-08 -0.538664
3.810000000e-08 -0.561735
3.815000000e-08 -0.584806
3.820000000e-08 -0.600919
3.825000000e-08 -0.612651
3.830000000e-08 -0.624383
3.835000000e-08 -0.636115
3.840000000e-08 -0.647847
3.845000000e-08 -0.659579
3.850000000e-08 -0.671311
3.855000000e-08 -0.683043
3.860000000e-08 -0.694775
3.865000000e-08 -0.706507
3.870000000e-08 -0.718239
3.875000000e-08 -0.729971
3.880000000e-08 -0.741703
3.885000000e-08 -0.753435
3.890000000e-08 -0.765167
3.895000000e-08 -0.776899
3.900000000e-08 -0.788631
3.905000000e-08 -0.800363
3.910000000e-08 -0.812094
3.915000000e-08 -0.823826
3.920000000e-08 -0.825851
3.925000000e-08 -0.821763
3.930000000e-08 -0.817675
3.935000000e-08 -0.813586
3.940000000e-08 -0.809498
3.945000000e-08 -0.805410
3.950000000e-08 -0.801322
3.955000000e-08 -0.797233
3.960000000e-08 -0.793145
3.965000000e-08 -0.789057
3.970000000e-08 -0.784968
3.975000000e-08 -0.780880
3.980000000e-08 -0.776792
3.985000000e-08 -0.772703
3.990000000e-08 -0.768615
3.995000000e-08 -0.764527
4.000000000e-08 -0.760438
4.005000000e-08 -0.756350
4.010000000e-08 -0.752262
4.015000000e-08 -0.748173
4.020000000e-08 -0.735336
4.025000000e-08 -0.716989
4.030000000e-08 -0.698642
4.035000000e-08 -0.680295
4.040000000e-08 -0.661948
4.045000000e-08 -0.643601
4.050000000e-08 -0.625254
4.055000000e-08 -0.606907
4.060000000e-08 -0.588560
4.065000000e-08 -0.570213
4.070000000e-08 -0.551866
4.075000000e-08 -0.533519
4.080000000e-08 -0.515172
4.085000000e-08 -0.496825
4.090000000e-08 -0.478478
4.095000000e-08 -0.460131
4.100000000e-08 -0.441784
4.105000000e-08 -0.423437
4.110000000e-08 -0.405090
4.115000000e-08 -0.386743
4.120000000e-08 -0.363948
4.125000000e-08 -0.338350
4.130000000e-08 -0.312752
4.135000000e-08 -0.287154
4.140000000e-08 -0.261557
4.145000000e-08 -0.235959
4.150000000e-08 -0.210361
4.155000000e-08 -0.184764
4.160000000e-08 -0.159166
4.165000000e-08 -0.133568
4.170000000e-08 -0.107970
4.175000000e-08 -0.082373
4.180000000e-08 -0.056775
4.185000000e-08 -0.031177
4.190000000e-08 -0.005579
4.195000000e-08 0.020018
4.200000000e-08 0.045616
4.205000000e-08 0.071214
4.210000000e-08 0.096811
4.215000000e-08 0.122409
4.220000000e-08 0.146457
4.225000000e-08 0.169528
4.230000000e-08 0.192599
4.235000000e-08 0.215670
4.240000000e-08 0.238741
4.245000000e-08 0.261812
4.250000000e-08 0.284883
4.255000000e-08 0.307954
4.260000000e-08 0.331025
4.265000000e-08 0.354096
4.270000000e-08 0.377167
4.275000000e-08 0.400238
4.280000000e-08 0.423309
4.285000000e-08 0.446380
4.290000000e-08 0.469451
4.295000000e-08 0.492522
4.300000000e-08 0.515593
4.305000000e-08 0.538664
4.310000000e-08 0.561735
4.315000000e-08 0.584806
4.320000000e-08 0.600919
4.325000000e-08 0.612651
4.330000000e-08 0.624383
4.335000000e-08 0.636115
4.340000000e-08 0.647847
4.345000000e-08 0.659579
4.350000000e-08 0.671311
4.355000000e-08 0.683043
4.360000000e-08 0.694775
4.365000000e-08 0.706507
4.370000000e-08 0.718239
4.375000000e-08 0.729971
4.380000000e-08 0.741703
4.385000000e-08 0.753435
4.390000000e-08 0.765167
4.395000000e-08 0.776899
4.400000000e-08 0.788631
4.405000000e-08 0.800363
4.410000000e-08 0.812094
4.415000000e-08 0.823826
4.420000000e-08 0.825851
4.425000000e-08 0.821763
4.430000000e-08 0.817675
4.435000000e-08 0.813586
4.440000000e-08 0.809498
4.445000000e-08 0.805410
4.450000000e-08 0.801322
4.455000000e-08 0.797233
4.460000000e-08 0.793145
4.465000000e-08 0.789057
4.470000000e-08 0.784968
4.475000000e-08 0.780880
4.480000000e-08 0.776792
4.485000000e-08 0.772703
4.490000000e-08 0.768615
4.495000000e-08 0.764527
4.500000000e-08 0.760438
4.505000000e-08 0.756350
4.510000000e-08 0.752262
4.515000000e-08 0.748173
4.520000000e-08 0.735336
4.525000000e-08 0.716989
4.530000000e-08 0.698642
4.535000000e-08 0.680295
4.540000000e-08 0.661948
4.545000000e-08 0.643601
4.550000000e-08 0.625254
4.555000000e-08 0.606907
4.560000000e-08 0.588560
4.565000000e-08 0.570213
4.570000000e-08 0.551866
4.575000000e-08 0.533519
4.580000000e-08 0.515172
4.585000000e-08 0.496825
4.590000000e-08 0.478478
4.595000000e-08 0.460131
4.600000000e-08 0.441784
4.605000000e-08 0.423437
4.610000000e-08 0.405090
4.615000000e-08 0.386743
4.620000000e-08 0.363948
4.625000000e-08 0.338350
4.630000000e-08 0.312752
4.635000000e-08 0.287154
4.640000000e-08 0.261557
4.645000000e-08 0.235959
4.650000000e-08 0.210361
4.655000000e-08 0.184764
4.660000000e-08 0.159166
4.665000000e-08 0.133568
4.670000000e-08 0.107970
4.675000000e-08 0.082373
4.680000000e-08 0.056775
4.685000000e-08 0.031177
4.690000000e-08 0.005579
4.695000000e-08 -0.020018
4.700000000e-08 -0.045616
4.705000000e-08 -0.071214
4.710000000e-08 -0.096811
4.715000000e-08 -0.122409
4.720000000e-08 -0.146457
4.725000000e-08 -0.169528
4.730000000e-08 -0.192599
4.735000000e-08 -0.215670
4.740000000e-08 -0.238741
4.745000000e-08 -0.261812
4.750000000e-08 -0.284883
4.755000000e-08 -0.307954
4.760000000e-08 -0.331025
4.765000000e-08 -0.354096
4.770000000e-08 -0.377167
4.775000000e-08 -0.400238
4.780000000e-08 -0.423309
4.785000000e-08 -0.446380
4.790000000e-08 -0.469451
4.795000000e-08 -0.492522
4.800000000e-08 -0.515593
4.805000000e-08 -0.538664
4.810000000e-08 -0.561735
4.815000000e-08 -0.584806
4.820000000e-08 -0.600919
4.825000000e-08 -0.612651
4.830000000e-08 -0.624383
4.835000000e-08 -0.636115
4.840000000e-08 -0.647847
4.845000000e-08 -0.659579
4.850000000e-08 -0.671311
4.855000000e-08 -0.683043
4.860000000e-08 -0.694775
4.865000000e-08 -0.706507
4.870000000e-08 -0.718239
4.875000000e-08 -0.729971
4.880000000e-08 -0.741703
4.885000000e-08 -0.753435
4.890000000e-08 -0.765167
4.895000000e-08 -0.776899
4.900000000e-08 -0.788631
4.905000000e-08 -0.800363
4.910000000e-08 -0.812094
4.915000000e-08 -0.823826
4.920000000e-08 -0.825851
4.925000000e-08 -0.821763
4.930000000e-08 -0.817675
4.935000000e-08 -0.813586
4.940000000e-08 -0.809498
4.945000000e-08 -0.805410
4.950000000e-08 -0.801322
4.955000000e-08 -0.797233
4.960000000e-08 -0.793145
4.965000000e-08 -0.789057
4.970000000e-08 -0.784968
4.975000000e-08 -0.780880
4.980000000e-08 -0.776792
4.985000000e-08 -0.772703
4.990000000e-08 -0.768615
4.995000000e-08 -0.764527
5.000000000e-08 -0.760438
