0.0 -0.35714285714285715
0.01 -0.5
0.02 -0.35714285714285715
0.04 -0.5
0.08 -0.35714285714285715
0.16 -0.5
0.32 -0.35714285714285715
0.64 -0.5
0.98 -0.35714285714285715
1.37 0.0714285714285714
1.73 -0.07142857142857145
2.38 0.2142857142857143
3.17 0.5
4.17 0.5
5.17 0.5
6.17 0.2142857142857143
7.17 -0.35714285714285715
8.17 -0.35714285714285715
9.17 -0.35714285714285715
10.17 -0.35714285714285715
11.17 -0.35714285714285715
12.17 -0.07142857142857145
13.17 0.5
14.17 0.5
15.17 0.5
16.17 0.2142857142857143
17.17 -0.35714285714285715
18.17 -0.35714285714285715
19.17 -0.35714285714285715
20.17 -0.35714285714285715
21.17 -0.35714285714285715
22.17 -0.07142857142857145
23.17 0.5
24.17 0.5
25.17 0.5
26.17 0.2142857142857143
27.17 -0.35714285714285715
28.17 -0.35714285714285715
29.17 -0.35714285714285715
30.17 -0.35714285714285715
31.17 -0.35714285714285715
32.17 -0.07142857142857145
33.17 0.5
34.17 0.5
35.17 0.5
36.17 0.2142857142857143
37.17 -0.35714285714285715
38.17 -0.35714285714285715
39.17 -0.35714285714285715
40.17 -0.35714285714285715
41.17 -0.35714285714285715
42.17 -0.07142857142857145
43.17 0.5
44.17 0.5
45.17 0.5
46.17 0.2142857142857143
47.17 -0.35714285714285715
48.17 -0.35714285714285715
49.17 -0.35714285714285715
50.17 -0.35714285714285715
51.17 -0.35714285714285715
51.17 -0.35714285714285715
