0.000000000e+00 -0.357143
5.000000000e-11 -0.364286
1.000000000e-10 -0.371429
1.500000000e-10 -0.378571
2.000000000e-10 -0.385714
2.500000000e-10 -0.392857
3.000000000e-10 -0.400000
3.500000000e-10 -0.407143
4.000000000e-10 -0.414286
4.500000000e-10 -0.421429
5.000000000e-10 -0.428571
5.500000000e-10 -0.435714
6.000000000e-10 -0.442857
6.500000000e-10 -0.450000
7.000000000e-10 -0.457143
7.500000000e-10 -0.464286
8.000000000e-10 -0.471429
8.500000000e-10 -0.478571
9.000000000e-10 -0.485714
9.500000000e-10 -0.492857
1.000000000e-09 0.071429
1.050000000e-09 0.057143
1.100000000e-09 0.042857
1.150000000e-09 0.028571
1.200000000e-09 0.014286
1.250000000e-09 -0.000000
1.300000000e-09 -0.014286
1.350000000e-09 -0.028571
1.400000000e-09 -0.042857
1.450000000e-09 -0.057143
1.500000000e-09 -0.071429
1.550000000e-09 -0.085714
1.600000000e-09 -0.100000
1.650000000e-09 -0.114286
1.700000000e-09 -0.128571
1.750000000e-09 -0.142857
1.800000000e-09 -0.157143
1.850000000e-09 -0.171429
1.900000000e-09 -0.185714
1.950000000e-09 -0.200000
2.000000000e-09 0.071429
2.050000000e-09 0.085714
2.100000000e-09 0.100000
2.150000000e-09 0.114286
2.200000000e-09 0.128571
2.250000000e-09 0.142857
2.300000000e-09 0.157143
2.350000000e-09 0.171429
2.400000000e-09 0.185714
2.450000000e-09 0.200000
2.500000000e-09 0.214286
2.550000000e-09 0.228571
2.600000000e-09 0.242857
2.650000000e-09 0.257143
2.700000000e-09 0.271429
2.750000000e-09 0.285714
2.800000000e-09 0.300000
2.850000000e-09 0.314286
2.900000000e-09 0.328571
2.950000000e-09 0.342857
3.000000000e-09 0.357143
3.050000000e-09 0.357143
3.100000000e-09 0.357143
3.150000000e-09 0.357143
3.200000000e-09 0.357143
3.250000000e-09 0.357143
3.300000000e-09 0.357143
3.350000000e-09 0.357143
3.400000000e-09 0.357143
3.450000000e-09 0.357143
3.500000000e-09 0.357143
3.550000000e-09 0.357143
3.600000000e-09 0.357143
3.650000000e-09 0.357143
3.700000000e-09 0.357143
3.750000000e-09 0.357143
3.800000000e-09 0.357143
3.850000000e-09 0.357143
3.900000000e-09 0.357143
3.950000000e-09 0.357143
4.000000000e-09 0.357143
4.050000000e-09 0.357143
4.100000000e-09 0.357143
4.150000000e-09 0.357143
4.200000000e-09 0.357143
4.250000000e-09 0.357143
4.300000000e-09 0.357143
4.350000000e-09 0.357143
4.400000000e-09 0.357143
4.450000000e-09 0.357143
4.500000000e-09 0.357143
4.550000000e-09 0.357143
4.600000000e-09 0.357143
4.650000000e-09 0.357143
4.700000000e-09 0.357143
4.750000000e-09 0.357143
4.800000000e-09 0.357143
4.850000000e-09 0.357143
4.900000000e-09 0.357143
4.950000000e-09 0.357143
5.000000000e-09 0.357143
5.050000000e-09 0.342857
5.100000000e-09 0.328571
5.150000000e-09 0.314286
5.200000000e-09 0.300000
5.250000000e-09 0.285714
5.300000000e-09 0.271429
5.350000000e-09 0.257143
5.400000000e-09 0.242857
5.450000000e-09 0.228571
5.500000000e-09 0.214286
5.550000000e-09 0.200000
5.600000000e-09 0.185714
5.650000000e-09 0.171429
5.700000000e-09 0.157143
5.750000000e-09 0.142857
5.800000000e-09 0.128571
5.850000000e-09 0.114286
5.900000000e-09 0.100000
5.950000000e-09 0.085714
6.000000000e-09 0.071429
6.050000000e-09 0.042857
6.100000000e-09 0.014286
6.150000000e-09 -0.014286
6.200000000e-09 -0.042857
6.250000000e-09 -0.071429
6.300000000e-09 -0.100000
6.350000000e-09 -0.128571
6.400000000e-09 -0.157143
6.450000000e-09 -0.185714
6.500000000e-09 -0.214286
6.550000000e-09 -0.242857
6.600000000e-09 -0.271429
6.650000000e-09 -0.300000
6.700000000e-09 -0.328571
6.750000000e-09 -0.357143
6.800000000e-09 -0.385714
6.850000000e-09 -0.414286
6.900000000e-09 -0.442857
6.950000000e-09 -0.471429
7.000000000e-09 -0.500000
7.050000000e-09 -0.500000
7.100000000e-09 -0.500000
7.150000000e-09 -0.500000
7.200000000e-09 -0.500000
7.250000000e-09 -0.500000
7.300000000e-09 -0.500000
7.350000000e-09 -0.500000
7.400000000e-09 -0.500000
7.450000000e-09 -0.500000
7.500000000e-09 -0.500000
7.550000000e-09 -0.500000
7.600000000e-09 -0.500000
7.650000000e-09 -0.500000
7.700000000e-09 -0.500000
7.750000000e-09 -0.500000
7.800000000e-09 -0.500000
7.850000000e-09 -0.500000
7.900000000e-09 -0.500000
7.950000000e-09 -0.500000
8.000000000e-09 -0.500000
8.050000000e-09 -0.500000
8.100000000e-09 -0.500000
8.150000000e-09 -0.500000
8.200000000e-09 -0.500000
8.250000000e-09 -0.500000
8.300000000e-09 -0.500000
8.350000000e-09 -0.500000
8.400000000e-09 -0.500000
8.450000000e-09 -0.500000
8.500000000e-09 -0.500000
8.550000000e-09 -0.500000
8.600000000e-09 -0.500000
8.650000000e-09 -0.500000
8.700000000e-09 -0.500000
8.750000000e-09 -0.500000
8.800000000e-09 -0.500000
8.850000000e-09 -0.500000
8.900000000e-09 -0.500000
8.950000000e-09 -0.500000
9.000000000e-09 -0.500000
9.050000000e-09 -0.500000
9.100000000e-09 -0.500000
9.150000000e-09 -0.500000
9.200000000e-09 -0.500000
9.250000000e-09 -0.500000
9.300000000e-09 -0.500000
9.350000000e-09 -0.500000
9.400000000e-09 -0.500000
9.450000000e-09 -0.500000
9.500000000e-09 -0.500000
9.550000000e-09 -0.500000
9.600000000e-09 -0.500000
9.650000000e-09 -0.500000
9.700000000e-09 -0.500000
9.750000000e-09 -0.500000
9.800000000e-09 -0.500000
9.850000000e-09 -0.500000
9.900000000e-09 -0.500000
9.950000000e-09 -0.500000
1.000000000e-08 -0.500000
1.005000000e-08 -0.500000
1.010000000e-08 -0.500000
1.015000000e-08 -0.500000
1.020000000e-08 -0.500000
1.025000000e-08 -0.500000
1.030000000e-08 -0.500000
1.035000000e-08 -0.500000
1.040000000e-08 -0.500000
1.045000000e-08 -0.500000
1.050000000e-08 -0.500000
1.055000000e-08 -0.500000
1.060000000e-08 -0.500000
1.065000000e-08 -0.500000
1.070000000e-08 -0.500000
1.075000000e-08 -0.500000
1.080000000e-08 -0.500000
1.085000000e-08 -0.500000
1.090000000e-08 -0.500000
1.095000000e-08 -0.500000
1.100000000e-08 -0.500000
1.105000000e-08 -0.485714
1.110000000e-08 -0.471429
1.115000000e-08 -0.457143
1.120000000e-08 -0.442857
1.125000000e-08 -0.428571
1.130000000e-08 -0.414286
1.135000000e-08 -0.400000
1.140000000e-08 -0.385714
1.145000000e-08 -0.371429
1.150000000e-08 -0.357143
1.155000000e-08 -0.342857
1.160000000e-08 -0.328571
1.165000000e-08 -0.314286
1.170000000e-08 -0.300000
1.175000000e-08 -0.285714
1.180000000e-08 -0.271429
1.185000000e-08 -0.257143
1.190000000e-08 -0.242857
1.195000000e-08 -0.228571
1.200000000e-08 -0.214286
1.205000000e-08 -0.185714
1.210000000e-08 -0.157143
1.215000000e-08 -0.128571
1.220000000e-08 -0.100000
1.225000000e-08 -0.071429
1.230000000e-08 -0.042857
1.235000000e-08 -0.014286
1.240000000e-08 0.014286
1.245000000e-08 0.042857
1.250000000e-08 0.071429
1.255000000e-08 0.100000
1.260000000e-08 0.128571
1.265000000e-08 0.157143
1.270000000e-08 0.185714
1.275000000e-08 0.214286
1.280000000e-08 0.242857
1.285000000e-08 0.271429
1.290000000e-08 0.300000
1.295000000e-08 0.328571
1.300000000e-08 0.357143
1.305000000e-08 0.357143
1.310000000e-08 0.357143
1.315000000e-08 0.357143
1.320000000e-08 0.357143
1.325000000e-08 0.357143
1.330000000e-08 0.357143
1.335000000e-08 0.357143
1.340000000e-08 0.357143
1.345000000e-08 0.357143
1.350000000e-08 0.357143
1.355000000e-08 0.357143
1.360000000e-08 0.357143
1.365000000e-08 0.357143
1.370000000e-08 0.357143
1.375000000e-08 0.357143
1.380000000e-08 0.357143
1.385000000e-08 0.357143
1.390000000e-08 0.357143
1.395000000e-08 0.357143
1.400000000e-08 0.357143
1.405000000e-08 0.357143
1.410000000e-08 0.357143
1.415000000e-08 0.357143
1.420000000e-08 0.357143
1.425000000e-08 0.357143
1.430000000e-08 0.357143
1.435000000e-08 0.357143
1.440000000e-08 0.357143
1.445000000e-08 0.357143
1.450000000e-08 0.357143
1.455000000e-08 0.357143
1.460000000e-08 0.357143
1.465000000e-08 0.357143
1.470000000e-08 0.357143
1.475000000e-08 0.357143
1.480000000e-08 0.357143
1.485000000e-08 0.357143
1.490000000e-08 0.357143
1.495000000e-08 0.357143
1.500000000e-08 0.357143
1.505000000e-08 0.342857
1.510000000e-08 0.328571
1.515000000e-08 0.314286
1.520000000e-08 0.300000
1.525000000e-08 0.285714
1.530000000e-08 0.271429
1.535000000e-08 0.257143
1.540000000e-08 0.242857
1.545000000e-08 0.228571
1.550000000e-08 0.214286
1.555000000e-08 0.200000
1.560000000e-08 0.185714
1.565000000e-08 0.171429
1.570000000e-08 0.157143
1.575000000e-08 0.142857
1.580000000e-08 0.128571
1.585000000e-08 0.114286
1.590000000e-08 0.100000
1.595000000e-08 0.085714
1.600000000e-08 0.071429
1.605000000e-08 0.042857
1.610000000e-08 0.014286
1.615000000e-08 -0.014286
1.620000000e-08 -0.042857
1.625000000e-08 -0.071429
1.630000000e-08 -0.100000
1.635000000e-08 -0.128571
1.640000000e-08 -0.157143
1.645000000e-08 -0.185714
1.650000000e-08 -0.214286
1.655000000e-08 -0.242857
1.660000000e-08 -0.271429
1.665000000e-08 -0.300000
1.670000000e-08 -0.328571
1.675000000e-08 -0.357143
1.680000000e-08 -0.385714
1.685000000e-08 -0.414286
1.690000000e-08 -0.442857
1.695000000e-08 -0.471429
1.700000000e-08 -0.500000
1.705000000e-08 -0.500000
1.710000000e-08 -0.500000
1.715000000e-08 -0.500000
1.720000000e-08 -0.500000
1.725000000e-08 -0.500000
1.730000000e-08 -0.500000
1.735000000e-08 -0.500000
1.740000000e-08 -0.500000
1.745000000e-08 -0.500000
1.750000000e-08 -0.500000
1.755000000e-08 -0.500000
1.760000000e-08 -0.500000
1.765000000e-08 -0.500000
1.770000000e-08 -0.500000
1.775000000e-08 -0.500000
1.780000000e-08 -0.500000
1.785000000e-08 -0.500000
1.790000000e-08 -0.500000
1.795000000e-08 -0.500000
1.800000000e-08 -0.500000
1.805000000e-08 -0.500000
1.810000000e-08 -0.500000
1.815000000e-08 -0.500000
1.820000000e-08 -0.500000
1.825000000e-08 -0.500000
1.830000000e-08 -0.500000
1.835000000e-08 -0.500000
1.840000000e-08 -0.500000
1.845000000e-08 -0.500000
1.850000000e-08 -0.500000
1.855000000e-08 -0.500000
1.860000000e-08 -0.500000
1.865000000e-08 -0.500000
1.870000000e-08 -0.500000
1.875000000e-08 -0.500000
1.880000000e-08 -0.500000
1.885000000e-08 -0.500000
1.890000000e-08 -0.500000
1.895000000e-08 -0.500000
1.900000000e-08 -0.500000
1.905000000e-08 -0.500000
1.910000000e-08 -0.500000
1.915000000e-08 -0.500000
1.920000000e-08 -0.500000
1.925000000e-08 -0.500000
1.930000000e-08 -0.500000
1.935000000e-08 -0.500000
1.940000000e-08 -0.500000
1.945000000e-08 -0.500000
1.950000000e-08 -0.500000
1.955000000e-08 -0.500000
1.960000000e-08 -0.500000
1.965000000e-08 -0.500000
1.970000000e-08 -0.500000
1.975000000e-08 -0.500000
1.980000000e-08 -0.500000
1.985000000e-08 -0.500000
1.990000000e-08 -0.500000
1.995000000e-08 -0.500000
2.000000000e-08 -0.500000
2.005000000e-08 -0.500000
2.010000000e-08 -0.500000
2.015000000e-08 -0.500000
2.020000000e-08 -0.500000
2.025000000e-08 -0.500000
2.030000000e-08 -0.500000
2.035000000e-08 -0.500000
2.040000000e-08 -0.500000
2.045000000e-08 -0.500000
2.050000000e-08 -0.500000
2.055000000e-08 -0.500000
2.060000000e-08 -0.500000
2.065000000e-08 -0.500000
2.070000000e-08 -0.500000
2.075000000e-08 -0.500000
2.080000000e-08 -0.500000
2.085000000e-08 -0.500000
2.090000000e-08 -0.500000
2.095000000e-08 -0.500000
2.100000000e-08 -0.500000
2.105000000e-08 -0.485714
2.110000000e-08 -0.471429
2.115000000e-08 -0.457143
2.120000000e-08 -0.442857
2.125000000e-08 -0.428571
2.130000000e-08 -0.414286
2.135000000e-08 -0.400000
2.140000000e-08 -0.385714
2.145000000e-08 -0.371429
2.150000000e-08 -0.357143
2.155000000e-08 -0.342857
2.160000000e-08 -0.328571
2.165000000e-08 -0.314286
2.170000000e-08 -0.300000
2.175000000e-08 -0.285714
2.180000000e-08 -0.271429
2.185000000e-08 -0.257143
2.190000000e-08 -0.242857
2.195000000e-08 -0.228571
2.200000000e-08 -0.214286
2.205000000e-08 -0.185714
2.210000000e-08 -0.157143
2.215000000e-08 -0.128571
2.220000000e-08 -0.100000
2.225000000e-08 -0.071429
2.230000000e-08 -0.042857
2.235000000e-08 -0.014286
2.240000000e-08 0.014286
2.245000000e-08 0.042857
2.250000000e-08 0.071429
2.255000000e-08 0.100000
2.260000000e-08 0.128571
2.265000000e-08 0.157143
2.270000000e-08 0.185714
2.275000000e-08 0.214286
2.280000000e-08 0.242857
2.285000000e-08 0.271429
2.290000000e-08 0.300000
2.295000000e-08 0.328571
2.300000000e-08 0.357143
2.305000000e-08 0.357143
2.310000000e-08 0.357143
2.315000000e-08 0.357143
2.320000000e-08 0.357143
2.325000000e-08 0.357143
2.330000000e-08 0.357143
2.335000000e-08 0.357143
2.340000000e-08 0.357143
2.345000000e-08 0.357143
2.350000000e-08 0.357143
2.355000000e-08 0.357143
2.360000000e-08 0.357143
2.365000000e-08 0.357143
2.370000000e-08 0.357143
2.375000000e-08 0.357143
2.380000000e-08 0.357143
2.385000000e-08 0.357143
2.390000000e-08 0.357143
2.395000000e-08 0.357143
2.400000000e-08 0.357143
2.405000000e-08 0.357143
2.410000000e-08 0.357143
2.415000000e-08 0.357143
2.420000000e-08 0.357143
2.425000000e-08 0.357143
2.430000000e-08 0.357143
2.435000000e-08 0.357143
2.440000000e-08 0.357143
2.445000000e-08 0.357143
2.450000000e-08 0.357143
2.455000000e-08 0.357143
2.460000000e-08 0.357143
2.465000000e-08 0.357143
2.470000000e-08 0.357143
2.475000000e-08 0.357143
2.480000000e-08 0.357143
2.485000000e-08 0.357143
2.490000000e-08 0.357143
2.495000000e-08 0.357143
2.500000000e-08 0.357143
2.505000000e-08 0.342857
2.510000000e-08 0.328571
2.515000000e-08 0.314286
2.520000000e-08 0.300000
2.525000000e-08 0.285714
2.530000000e-08 0.271429
2.535000000e-08 0.257143
2.540000000e-08 0.242857
2.545000000e-08 0.228571
2.550000000e-08 0.214286
2.555000000e-08 0.200000
2.560000000e-08 0.185714
2.565000000e-08 0.171429
2.570000000e-08 0.157143
2.575000000e-08 0.142857
2.580000000e-08 0.128571
2.585000000e-08 0.114286
2.590000000e-08 0.100000
2.595000000e-08 0.085714
2.600000000e-08 0.071429
2.605000000e-08 0.042857
2.610000000e-08 0.014286
2.615000000e-08 -0.014286
2.620000000e-08 -0.042857
2.625000000e-08 -0.071429
2.630000000e-08 -0.100000
2.635000000e-08 -0.128571
2.640000000e-08 -0.157143
2.645000000e-08 -0.185714
2.650000000e-08 -0.214286
2.655000000e-08 -0.242857
2.660000000e-08 -0.271429
2.665000000e-08 -0.300000
2.670000000e-08 -0.328571
2.675000000e-08 -0.357143
2.680000000e-08 -0.385714
2.685000000e-08 -0.414286
2.690000000e-08 -0.442857
2.695000000e-08 -0.471429
2.700000000e-08 -0.500000
2.705000000e-08 -0.500000
2.710000000e-08 -0.500000
2.715000000e-08 -0.500000
2.720000000e-08 -0.500000
2.725000000e-08 -0.500000
2.730000000e-08 -0.500000
2.735000000e-08 -0.500000
2.740000000e-08 -0.500000
2.745000000e-08 -0.500000
2.750000000e-08 -0.500000
2.755000000e-08 -0.500000
2.760000000e-08 -0.500000
2.765000000e-08 -0.500000
2.770000000e-08 -0.500000
2.775000000e-08 -0.500000
2.780000000e-08 -0.500000
2.785000000e-08 -0.500000
2.790000000e-08 -0.500000
2.795000000e-08 -0.500000
2.800000000e-08 -0.500000
2.805000000e-08 -0.500000
2.810000000e-08 -0.500000
2.815000000e-08 -0.500000
2.820000000e-08 -0.500000
2.825000000e-08 -0.500000
2.830000000e-08 -0.500000
2.835000000e-08 -0.500000
2.840000000e-08 -0.500000
2.845000000e-08 -0.500000
2.850000000e-08 -0.500000
2.855000000e-08 -0.500000
2.860000000e-08 -0.500000
2.865000000e-08 -0.500000
2.870000000e-08 -0.500000
2.875000000e-08 -0.500000
2.880000000e-08 -0.500000
2.885000000e-08 -0.500000
2.890000000e-08 -0.500000
2.895000000e-08 -0.500000
2.900000000e-08 -0.500000
2.905000000e-08 -0.500000
2.910000000e-08 -0.500000
2.915000000e-08 -0.500000
2.920000000e-08 -0.500000
2.925000000e-08 -0.500000
2.930000000e-08 -0.500000
2.935000000e-08 -0.500000
2.940000000e-08 -0.500000
2.945000000e-08 -0.500000
2.950000000e-08 -0.500000
2.955000000e-08 -0.500000
2.960000000e-08 -0.500000
2.965000000e-08 -0.500000
2.970000000e-08 -0.500000
2.975000000e-08 -0.500000
2.980000000e-08 -0.500000
2.985000000e-08 -0.500000
2.990000000e-08 -0.500000
2.995000000e-08 -0.500000
3.000000000e-08 -0.500000
3.005000000e-08 -0.500000
3.010000000e-08 -0.500000
3.015000000e-08 -0.500000
3.020000000e-08 -0.500000
3.025000000e-08 -0.500000
3.030000000e-08 -0.500000
3.035000000e-08 -0.500000
3.040000000e-08 -0.500000
3.045000000e-08 -0.500000
3.050000000e-08 -0.500000
3.055000000e-08 -0.500000
3.060000000e-08 -0.500000
3.065000000e-08 -0.500000
3.070000000e-08 -0.500000
3.075000000e-08 -0.500000
3.080000000e-08 -0.500000
3.085000000e-08 -0.500000
3.090000000e-08 -0.500000
3.095000000e-08 -0.500000
3.100000000e-08 -0.500000
3.105000000e-08 -0.485714
3.110000000e-08 -0.471429
3.115000000e-08 -0.457143
3.120000000e-08 -0.442857
3.125000000e-08 -0.428571
3.130000000e-08 -0.414286
3.135000000e-08 -0.400000
3.140000000e-08 -0.385714
3.145000000e-08 -0.371429
3.150000000e-08 -0.357143
3.155000000e-08 -0.342857
3.160000000e-08 -0.328571
3.165000000e-08 -0.314286
3.170000000e-08 -0.300000
3.175000000e-08 -0.285714
3.180000000e-08 -0.271429
3.185000000e-08 -0.257143
3.190000000e-08 -0.242857
3.195000000e-08 -0.228571
3.200000000e-08 -0.214286
3.205000000e-08 -0.185714
3.210000000e-08 -0.157143
3.215000000e-08 -0.128571
3.220000000e-08 -0.100000
3.225000000e-08 -0.071429
3.230000000e-08 -0.042857
3.235000000e-08 -0.014286
3.240000000e-08 0.014286
3.245000000e-08 0.042857
3.250000000e-08 0.071429
3.255000000e-08 0.100000
3.260000000e-08 0.128571
3.265000000e-08 0.157143
3.270000000e-08 0.185714
3.275000000e-08 0.214286
3.280000000e-08 0.242857
3.285000000e-08 0.271429
3.290000000e-08 0.300000
3.295000000e-08 0.328571
3.300000000e-08 0.357143
3.305000000e-08 0.357143
3.310000000e-08 0.357143
3.315000000e-08 0.357143
3.320000000e-08 0.357143
3.325000000e-08 0.357143
3.330000000e-08 0.357143
3.335000000e-08 0.357143
3.340000000e-08 0.357143
3.345000000e-08 0.357143
3.350000000e-08 0.357143
3.355000000e-08 0.357143
3.360000000e-08 0.357143
3.365000000e-08 0.357143
3.370000000e-08 0.357143
3.375000000e-08 0.357143
3.380000000e-08 0.357143
3.385000000e-08 0.357143
3.390000000e-08 0.357143
3.395000000e-08 0.357143
3.400000000e-08 0.357143
3.405000000e-08 0.357143
3.410000000e-08 0.357143
3.415000000e-08 0.357143
3.420000000e-08 0.357143
3.425000000e-08 0.357143
3.430000000e-08 0.357143
3.435000000e-08 0.357143
3.440000000e-08 0.357143
3.445000000e-08 0.357143
3.450000000e-08 0.357143
3.455000000e-08 0.357143
3.460000000e-08 0.357143
3.465000000e-08 0.357143
3.470000000e-08 0.357143
3.475000000e-08 0.357143
3.480000000e-08 0.357143
3.485000000e-08 0.357143
3.490000000e-08 0.357143
3.495000000e-08 0.357143
3.500000000e-08 0.357143
3.505000000e-08 0.342857
3.510000000e-08 0.328571
3.515000000e-08 0.314286
3.520000000e-08 0.300000
3.525000000e-08 0.285714
3.530000000e-08 0.271429
3.535000000e-08 0.257143
3.540000000e-08 0.242857
3.545000000e-08 0.228571
3.550000000e-08 0.214286
3.555000000e-08 0.200000
3.560000000e-08 0.185714
3.565000000e-08 0.171429
3.570000000e-08 0.157143
3.575000000e-08 0.142857
3.580000000e-08 0.128571
3.585000000e-08 0.114286
3.590000000e-08 0.100000
3.595000000e-08 0.085714
3.600000000e-08 0.071429
3.605000000e-08 0.042857
3.610000000e-08 0.014286
3.615000000e-08 -0.014286
3.620000000e-08 -0.042857
3.625000000e-08 -0.071429
3.630000000e-08 -0.100000
3.635000000e-08 -0.128571
3.640000000e-08 -0.157143
3.645000000e-08 -0.185714
3.650000000e-08 -0.214286
3.655000000e-08 -0.242857
3.660000000e-08 -0.271429
3.665000000e-08 -0.300000
3.670000000e-08 -0.328571
3.675000000e-08 -0.357143
3.680000000e-08 -0.385714
3.685000000e-08 -0.414286
3.690000000e-08 -0.442857
3.695000000e-08 -0.471429
3.700000000e-08 -0.500000
3.705000000e-08 -0.500000
3.710000000e-08 -0.500000
3.715000000e-08 -0.500000
3.720000000e-08 -0.500000
3.725000000e-08 -0.500000
3.730000000e-08 -0.500000
3.735000000e-08 -0.500000
3.740000000e-08 -0.500000
3.745000000e-08 -0.500000
3.750000000e-08 -0.500000
3.755000000e-08 -0.500000
3.760000000e-08 -0.500000
3.765000000e-08 -0.500000
3.770000000e-08 -0.500000
3.775000000e-08 -0.500000
3.780000000e-08 -0.500000
3.785000000e-08 -0.500000
3.790000000e-08 -0.500000
3.795000000e-08 -0.500000
3.800000000e-08 -0.500000
3.805000000e-08 -0.500000
3.810000000e-08 -0.500000
3.815000000e-08 -0.500000
3.820000000e-08 -0.500000
3.825000000e-08 -0.500000
3.830000000e-08 -0.500000
3.835000000e-08 -0.500000
3.840000000e-08 -0.500000
3.845000000e-08 -0.500000
3.850000000e-08 -0.500000
3.855000000e-08 -0.500000
3.860000000e-08 -0.500000
3.865000000e-08 -0.500000
3.870000000e-08 -0.500000
3.875000000e-08 -0.500000
3.880000000e-08 -0.500000
3.885000000e-08 -0.500000
3.890000000e-08 -0.500000
3.895000000e-08 -0.500000
3.900000000e-08 -0.500000
3.905000000e-08 -0.500000
3.910000000e-08 -0.500000
3.915000000e-08 -0.500000
3.920000000e-08 -0.500000
3.925000000e-08 -0.500000
3.930000000e-08 -0.500000
3.935000000e-08 -0.500000
3.940000000e-08 -0.500000
3.945000000e-08 -0.500000
3.950000000e-08 -0.500000
3.955000000e-08 -0.500000
3.960000000e-08 -0.500000
3.965000000e-08 -0.500000
3.970000000e-08 -0.500000
3.975000000e-08 -0.500000
3.980000000e-08 -0.500000
3.985000000e-08 -0.500000
3.990000000e-08 -0.500000
3.995000000e-08 -0.500000
4.000000000e-08 -0.500000
4.005000000e-08 -0.500000
4.010000000e-08 -0.500000
4.015000000e-08 -0.500000
4.020000000e-08 -0.500000
4.025000000e-08 -0.500000
4.030000000e-08 -0.500000
4.035000000e-08 -0.500000
4.040000000e-08 -0.500000
4.045000000e-08 -0.500000
4.050000000e-08 -0.500000
4.055000000e-08 -0.500000
4.060000000e-08 -0.500000
4.065000000e-08 -0.500000
4.070000000e-08 -0.500000
4.075000000e-08 -0.500000
4.080000000e-08 -0.500000
4.085000000e-08 -0.500000
4.090000000e-08 -0.500000
4.095000000e-08 -0.500000
4.100000000e-08 -0.500000
4.105000000e-08 -0.485714
4.110000000e-08 -0.471429
4.115000000e-08 -0.457143
4.120000000e-08 -0.442857
4.125000000e-08 -0.428571
4.130000000e-08 -0.414286
4.135000000e-08 -0.400000
4.140000000e-08 -0.385714
4.145000000e-08 -0.371429
4.150000000e-08 -0.357143
4.155000000e-08 -0.342857
4.160000000e-08 -0.328571
4.165000000e-08 -0.314286
4.170000000e-08 -0.300000
4.175000000e-08 -0.285714
4.180000000e-08 -0.271429
4.185000000e-08 -0.257143
4.190000000e-08 -0.242857
4.195000000e-08 -0.228571
4.200000000e-08 -0.214286
4.205000000e-08 -0.185714
4.210000000e-08 -0.157143
4.215000000e-08 -0.128571
4.220000000e-08 -0.100000
4.225000000e-08 -0.071429
4.230000000e-08 -0.042857
4.235000000e-08 -0.014286
4.240000000e-08 0.014286
4.245000000e-08 0.042857
4.250000000e-08 0.071429
4.255000000e-08 0.100000
4.260000000e-08 0.128571
4.265000000e-08 0.157143
4.270000000e-08 0.185714
4.275000000e-08 0.214286
4.280000000e-08 0.242857
4.285000000e-08 0.271429
4.290000000e-08 0.300000
4.295000000e-08 0.328571
4.300000000e-08 0.357143
4.305000000e-08 0.357143
4.310000000e-08 0.357143
4.315000000e-08 0.357143
4.320000000e-08 0.357143
4.325000000e-08 0.357143
4.330000000e-08 0.357143
4.335000000e-08 0.357143
4.340000000e-08 0.357143
4.345000000e-08 0.357143
4.350000000e-08 0.357143
4.355000000e-08 0.357143
4.360000000e-08 0.357143
4.365000000e-08 0.357143
4.370000000e-08 0.357143
4.375000000e-08 0.357143
4.380000000e-08 0.357143
4.385000000e-08 0.357143
4.390000000e-08 0.357143
4.395000000e-08 0.357143
4.400000000e-08 0.357143
4.405000000e-08 0.357143
4.410000000e-08 0.357143
4.415000000e-08 0.357143
4.420000000e-08 0.357143
4.425000000e-08 0.357143
4.430000000e-08 0.357143
4.435000000e-08 0.357143
4.440000000e-08 0.357143
4.445000000e-08 0.357143
4.450000000e-08 0.357143
4.455000000e-08 0.357143
4.460000000e-08 0.357143
4.465000000e-08 0.357143
4.470000000e-08 0.357143
4.475000000e-08 0.357143
4.480000000e-08 0.357143
4.485000000e-08 0.357143
4.490000000e-08 0.357143
4.495000000e-08 0.357143
4.500000000e-08 0.357143
4.505000000e-08 0.342857
4.510000000e-08 0.328571
4.515000000e-08 0.314286
4.520000000e-08 0.300000
4.525000000e-08 0.285714
4.530000000e-08 0.271429
4.535000000e-08 0.257143
4.540000000e-08 0.242857
4.545000000e-08 0.228571
4.550000000e-08 0.214286
4.555000000e-08 0.200000
4.560000000e-08 0.185714
4.565000000e-08 0.171429
4.570000000e-08 0.157143
4.575000000e-08 0.142857
4.580000000e-08 0.128571
4.585000000e-08 0.114286
4.590000000e-08 0.100000
4.595000000e-08 0.085714
4.600000000e-08 0.071429
4.605000000e-08 0.042857
4.610000000e-08 0.014286
4.615000000e-08 -0.014286
4.620000000e-08 -0.042857
4.625000000e-08 -0.071429
4.630000000e-08 -0.100000
4.635000000e-08 -0.128571
4.640000000e-08 -0.157143
4.645000000e-08 -0.185714
4.650000000e-08 -0.214286
4.655000000e-08 -0.242857
4.660000000e-08 -0.271429
4.665000000e-08 -0.300000
4.670000000e-08 -0.328571
4.675000000e-08 -0.357143
4.680000000e-08 -0.385714
4.685000000e-08 -0.414286
4.690000000e-08 -0.442857
4.695000000e-08 -0.471429
4.700000000e-08 -0.500000
4.705000000e-08 -0.500000
4.710000000e-08 -0.500000
4.715000000e-08 -0.500000
4.720000000e-08 -0.500000
4.725000000e-08 -0.500000
4.730000000e-08 -0.500000
4.735000000e-08 -0.500000
4.740000000e-08 -0.500000
4.745000000e-08 -0.500000
4.750000000e-08 -0.500000
4.755000000e-08 -0.500000
4.760000000e-08 -0.500000
4.765000000e-08 -0.500000
4.770000000e-08 -0.500000
4.775000000e-08 -0.500000
4.780000000e-08 -0.500000
4.785000000e-08 -0.500000
4.790000000e-08 -0.500000
4.795000000e-08 -0.500000
4.800000000e-08 -0.500000
4.805000000e-08 -0.500000
4.810000000e-08 -0.500000
4.815000000e-08 -0.500000
4.820000000e-08 -0.500000
4.825000000e-08 -0.500000
4.830000000e-08 -0.500000
4.835000000e-08 -0.500000
4.840000000e-08 -0.500000
4.845000000e-08 -0.500000
4.850000000e-08 -0.500000
4.855000000e-08 -0.500000
4.860000000e-08 -0.500000
4.865000000e-08 -0.500000
4.870000000e-08 -0.500000
4.875000000e-08 -0.500000
4.880000000e-08 -0.500000
4.885000000e-08 -0.500000
4.890000000e-08 -0.500000
4.895000000e-08 -0.500000
4.900000000e-08 -0.500000
4.905000000e-08 -0.500000
4.910000000e-08 -0.500000
4.915000000e-08 -0.500000
4.920000000e-08 -0.500000
4.925000000e-08 -0.500000
4.930000000e-08 -0.500000
4.935000000e-08 -0.500000
4.940000000e-08 -0.500000
4.945000000e-08 -0.500000
4.950000000e-08 -0.500000
4.955000000e-08 -0.500000
4.960000000e-08 -0.500000
4.965000000e-08 -0.500000
4.970000000e-08 -0.500000
4.975000000e-08 -0.500000
4.980000000e-08 -0.500000
4.985000000e-08 -0.500000
4.990000000e-08 -0.500000
4.995000000e-08 -0.500000
5.000000000e-08 -0.500000
